0.17341
0.100195
0.0828402
0.07333
0.071686
0.0684474
0.0726082
0.075962
0.0802401
0.0832666
0.085939
0.0892069
0.0949124
0.096871
0.0985007
0.0998571
0.102837
0.106074
0.107739
0.110763
0.112279
0.11353
0.115059
0.116428
0.11901
0.121025
0.123329
0.12575
0.12771
0.129787
0.131432
0.134078
0.135869
0.13791
0.139151
0.13999
0.141203
0.141958
0.14355
0.144906
0.146825
0.147569
0.148819
0.150037
0.151072
0.154712
0.15401
0.154471
0.153318
0.153157
0.152118
0.150935
0.149686
0.149322
0.147993
0.146153
0.144677
0.143938
0.144994
0.143329
0.142521
0.141838
0.141164
0.14089
0.139869
0.13871
0.138142
0.137033
0.1358
0.134833
0.133731
0.13368
0.133724
0.133157
0.132669
0.131761
0.130908
0.130197
0.129072
0.128274
0.128576
0.128519
0.127706
0.12729
0.126738
0.126162
0.12578
0.125354
0.124996
0.125528
0.125144
0.124607
0.124184
0.123742
0.124002
0.12376
0.123493
0.122978
0.122507
