0.347193
0.208848
0.17309
0.154306
0.146624
0.144426
0.142489
0.145573
0.146412
0.147682
0.150574
0.153602
0.15467
0.157427
0.161767
0.164632
0.165706
0.168172
0.170463
0.171057
0.17305
0.174078
0.176661
0.177796
0.180308
0.18142
0.182831
0.184454
0.185505
0.188023
0.188923
0.190102
0.191759
0.194022
0.196034
0.198925
0.200589
0.202894
0.204369
0.206728
0.208487
0.210075
0.212469
0.213928
0.214983
0.220378
0.222274
0.223738
0.22294
0.223966
0.22367
0.22256
0.222519
0.222537
0.222419
0.22256
0.221787
0.222067
0.223541
0.223416
0.223055
0.222786
0.222887
0.223043
0.223526
0.223355
0.223588
0.222979
0.222978
0.222882
0.222386
0.222939
0.223607
0.223389
0.222924
0.222807
0.222644
0.222506
0.222735
0.222523
0.222695
0.222933
0.223189
0.223443
0.223355
0.223556
0.223758
0.223563
0.224022
0.224749
0.224395
0.224171
0.224567
0.224857
0.225299
0.225076
0.225095
0.225372
0.225413
