0.473988
0.499259
0.517944
0.517792
0.510312
0.511525
0.50799
0.511464
0.512348
0.509317
0.509793
0.512599
0.516129
0.512609
0.512968
0.512811
0.509972
0.509655
0.51022
0.510686
0.511454
0.512424
0.513305
0.511814
0.510178
0.511065
0.509287
0.509145
0.509534
0.508352
0.509367
0.509148
0.509464
0.509091
0.509179
0.510011
0.510751
0.510575
0.511253
0.512266
0.50925
0.506034
0.501206
0.499158
0.496011
0.493641
0.491006
0.489481
0.488796
0.487215
0.487221
0.486193
0.485717
0.485486
0.485195
0.485074
0.484915
0.484713
0.484752
0.483994
0.48365
0.484001
0.484171
0.483696
0.482843
0.483339
0.48427
0.484458
0.484371
0.483914
0.483741
0.484185
0.483791
0.484161
0.48441
0.4844
0.484478
0.483875
0.483858
0.483939
0.48369
0.483226
0.482625
0.481915
0.48197
0.481702
0.48101
0.479958
0.479485
