0
0.0212121
0.0414162
0.0543912
0.0609707
0.0732527
0.0779484
0.0886364
0.0929761
0.101135
0.104262
0.109039
0.11177
0.113655
0.117754
0.119291
0.120966
0.122301
0.126608
0.131171
0.133543
0.135937
0.138928
0.142679
0.145237
0.146365
0.149065
0.151701
0.153112
0.155906
0.157651
0.158801
0.160666
0.161906
0.163929
0.166016
0.167074
0.169315
0.170752
0.171799
0.174517
0.176418
0.177536
0.178389
0.180082
0.181533
0.182697
0.184505
0.18655
0.187497
0.18896
0.190607
0.191672
0.192859
0.195015
0.196057
0.196269
0.197201
0.198498
0.199777
0.200899
0.201816
0.203163
0.204199
0.205
0.206069
0.207338
0.209029
0.210248
0.211176
0.212722
0.213301
0.21461
0.2159
0.21683
0.218066
0.218666
0.21934
0.220874
0.221637
0.22239
0.222778
0.223696
0.224707
0.225787
0.22661
0.227553
0.228803
0.230206
0.231075
0.232156
0.232736
0.233543
0.234749
0.235612
0.236477
0.237029
0.23782
0.238906
0.239801
0.240483
0.241335
0.241825
0.242656
0.243517
0.244335
0.244944
0.245598
0.24654
0.247507
0.248398
0.249087
0.25014
0.250949
0.251675
0.252352
0.252988
0.253928
0.254464
0.255206
0.255813
0.256564
0.257097
0.257567
0.258289
0.25891
0.259669
0.260738
0.261192
0.262309
0.262888
0.263678
0.264413
0.265269
0.26596
0.266516
0.267131
0.267542
0.268212
0.268596
0.268864
0.269506
0.270134
0.270969
0.271371
0.272161
0.272583
0.273415
0.273998
0.274746
0.275524
0.275828
0.276246
0.276954
0.277465
0.278041
0.278655
0.279171
0.279645
0.280198
0.280564
0.281046
0.281571
0.282141
0.282644
0.283099
0.283604
0.283623
0.28407
0.284484
0.284876
0.285171
0.28577
0.285997
0.28642
0.286961
0.28747
0.288069
0.288288
0.289069
0.289573
0.289928
0.290384
0.29066
0.291184
0.291697
0.292309
0.292552
0.293079
0.293565
0.293956
0.294374
0.294826
0.295286
0.295758
0.296121
0.296223
0.296576
0.296966
