0.0313725
0.213861
0.260146
0.276553
0.291982
0.310516
0.311355
0.321287
0.322729
0.329846
0.332161
0.335138
0.335582
0.338891
0.342697
0.344501
0.347422
0.348924
0.349672
0.353452
0.355167
0.356812
0.357766
0.360819
0.362187
0.365436
0.366819
0.369043
0.371633
0.372121
0.374307
0.375716
0.376939
0.379789
0.381194
0.382167
0.382451
0.384151
0.38412
0.385944
0.387885
0.388667
0.389744
0.391548
0.392062
0.392644
0.393188
0.394849
0.395561
0.395882
0.3966
0.397066
0.397886
0.399141
0.399145
0.399961
0.399567
0.40125
0.403037
0.404146
0.405709
0.406887
0.407396
0.407813
0.407612
0.408133
0.408494
0.408972
0.409323
0.41032
0.41129
0.411442
0.412041
0.412596
0.413385
0.413547
0.414021
0.414594
0.414882
0.415282
0.41582
0.416096
0.416525
0.417273
0.418514
0.419355
0.420511
0.421139
0.421684
0.422243
0.422546
0.422769
0.422953
0.423151
0.42408
0.424386
0.425016
0.425431
0.426273
0.426811
0.427283
0.427717
0.428188
0.428242
0.42875
0.429126
0.429498
0.429736
0.430212
0.430817
0.431
0.431609
0.432061
0.432596
0.433006
0.433183
0.433368
0.43385
0.433999
0.434575
0.435097
0.435212
0.435472
0.435676
0.436091
0.436571
0.436873
0.437456
0.437704
0.437922
0.438177
0.438333
0.438313
0.438513
0.438315
0.438782
0.438914
0.439021
0.43939
0.439561
0.439832
0.439825
0.440074
0.440042
0.440239
0.440069
0.439698
0.439242
0.438857
0.438881
0.438949
0.439139
0.439443
0.439708
0.439861
0.440011
0.440084
0.440652
0.440828
0.441253
0.441587
0.442256
0.442717
0.442957
0.443246
0.443588
0.443889
0.444088
0.444364
0.44464
0.444547
0.444766
0.44491
0.445418
0.445742
0.446287
0.446601
0.446864
0.446976
0.447258
0.447729
0.448115
0.448263
0.448675
0.44899
0.449263
0.449392
0.449867
0.450117
0.4507
0.450976
0.451379
0.451745
0.452188
0.452491
0.452757
0.452975
0.453268
0.453537
