0.432353
0.436963
0.443898
0.453933
0.458688
0.460957
0.462301
0.465002
0.464728
0.465827
0.467922
0.467855
0.467775
0.471306
0.472989
0.476378
0.480169
0.481802
0.48126
0.480436
0.481229
0.481834
0.484635
0.484028
0.483983
0.484486
0.483217
0.485321
0.485702
0.485774
0.487407
0.487321
0.487308
0.488528
0.489095
0.490039
0.491124
0.4917
0.492405
0.493171
0.494209
0.494491
0.493225
0.494313
0.495277
0.496583
0.496587
0.496815
0.496669
0.497157
0.497563
0.498301
0.49901
0.499056
0.498855
0.498663
0.499369
0.499613
0.499645
0.499875
0.499557
0.499806
0.499381
0.49993
0.5
0.500296
0.501051
0.501388
0.501455
0.501583
0.501771
0.501747
0.502009
0.502427
0.502753
0.502402
0.502371
0.502205
0.502273
0.502881
0.503253
0.503486
0.503463
0.504012
0.504299
0.503972
0.504339
0.504833
0.504864
0.504779
0.504678
0.505277
0.504687
0.504387
0.504767
0.504792
0.504821
0.505263
0.505907
0.506094
0.506334
0.50652
0.506707
0.506707
0.506862
0.506954
0.506719
0.506509
0.506823
0.507062
0.507109
0.50713
0.507387
0.507285
0.507716
0.507878
0.507479
0.507322
0.507402
0.507564
0.507387
0.507657
0.507424
0.507111
0.507245
0.507227
0.507345
0.507323
0.507289
0.507277
0.507148
0.507254
0.507039
0.506648
0.506992
0.5067
0.506571
0.506436
0.506736
0.506976
0.507094
0.507119
0.507027
0.506977
0.507119
0.507289
0.507328
0.507078
0.507188
0.507112
0.507216
0.507247
0.506989
0.507057
0.507317
0.50752
0.507483
0.507282
0.507306
0.507327
0.507217
0.50729
0.507289
0.507509
0.507598
0.507886
0.507918
0.507646
0.507687
0.507579
0.50744
0.507564
0.507938
0.507842
0.508185
0.508214
0.508361
0.508702
0.508651
0.508668
0.50895
0.509029
0.509045
0.509132
0.508972
0.509132
0.509246
0.509053
0.509377
