0.119588
0.0594758
0.0415567
0.0325765
0.027144
0.0227347
0.0201286
0.0188633
0.017771
0.0170974
0.0161951
0.0159509
0.0156172
0.0152732
0.0146465
0.0143957
0.0142799
0.0141872
0.0141844
0.0137363
0.013341
0.0131827
0.0131495
0.0130887
0.0128576
0.0130422
0.013276
0.0134119
0.0136432
0.013606
0.0137157
0.0134087
0.0134402
0.0133374
0.0135449
0.0135569
0.0137611
0.0137273
0.0140193
0.0140442
0.014079
0.0140351
0.0141671
0.0140544
0.0140955
0.0140473
0.0143038
0.0143641
0.0146577
0.0146105
0.0146728
0.0148689
0.0149724
0.0152691
0.015572
0.0156503
0.0155918
0.015628
0.0155256
0.0155402
0.0154543
0.0153709
0.0153115
0.0153826
0.0154115
0.0154047
0.015232
0.0154702
0.0155242
0.0156518
0.0155764
0.0156493
0.0157245
0.0156274
0.0155438
0.015523
0.015707
0.0157066
0.0157251
0.0158819
0.0160484
0.0159722
0.0160163
0.0160089
0.0160268
0.0160465
0.0160673
0.0161871
0.0161362
0.0161889
0.0162905
0.0163455
0.0164574
0.0166043
0.0166741
0.0166583
0.0165861
0.016657
0.0167485
