0.469903
0.259921
0.186658
0.150456
0.127746
0.115371
0.107508
0.101582
0.0950023
0.089336
0.0873676
0.0857804
0.0831657
0.0803614
0.0779436
0.0763501
0.0747574
0.0738614
0.0727523
0.0723399
0.0709171
0.0697286
0.0692127
0.0682619
0.0667735
0.065852
0.0651316
0.0646218
0.0635313
0.0625107
0.0617243
0.0614185
0.0611146
0.0604285
0.0597149
0.059013
0.0581387
0.0574817
0.057367
0.0564188
0.0557439
0.0550342
0.05455
0.0541253
0.053817
0.0531526
0.0528505
0.052727
0.052277
0.0521118
0.0517463
0.0513118
0.0512316
0.0510027
0.0507779
0.0507407
0.0503437
0.0501811
0.0500774
0.049801
0.0494688
0.0490825
0.0488312
0.0484166
0.048213
0.047962
0.0476986
0.0474916
0.0471602
0.0468186
0.0464564
0.0462547
0.0459429
0.0458384
0.0454648
0.0451546
0.04495
0.044828
0.0446907
0.0443282
0.0439964
0.0438266
0.0436046
0.0434018
0.0432371
0.043096
0.0427848
0.0426082
0.0425035
0.0422562
0.0420977
0.0419897
0.0419683
0.0419349
0.0418672
0.0418702
0.0417343
0.0414379
0.0413785
