0.520588
0.525148
0.542773
0.538806
0.53222
0.525711
0.527039
0.523361
0.519315
0.514157
0.517412
0.514946
0.51396
0.514753
0.51828
0.51686
0.518008
0.517899
0.517602
0.518234
0.515721
0.513199
0.513669
0.514536
0.51583
0.51531
0.517161
0.518037
0.518142
0.518585
0.518605
0.518008
0.519164
0.519035
0.518538
0.519224
0.521662
0.52109
0.522684
0.524117
0.523869
0.523632
0.521842
0.521481
0.522003
0.522683
0.521759
0.521047
0.520633
0.520067
0.520233
0.520108
0.519792
0.518838
0.518199
0.518
0.518034
0.517835
0.517727
0.517706
0.517532
0.516457
0.516485
0.516585
0.517198
0.516366
0.517001
0.517211
0.516796
0.516967
0.517079
0.517341
0.517369
0.517303
0.517826
0.51769
0.517561
0.51799
0.518133
0.518143
0.517748
0.51797
0.51765
0.517428
0.517375
0.517137
0.516707
0.516487
0.515861
