0.120654
0.0702648
0.0547855
0.0490196
0.0495706
0.0490517
0.0517727
0.0511937
0.0514448
0.0549754
0.0558226
0.0568696
0.0560656
0.0600093
0.0616267
0.0626404
0.0636498
0.0650417
0.0657167
0.0668711
0.0688282
0.0705121
0.0714436
0.0736296
0.0757725
0.0759722
0.0767673
0.0779939
0.0790158
0.0806642
0.0815707
0.082136
0.0825296
0.0838763
0.0839796
0.084571
0.0857022
0.0869954
0.0880097
0.0899888
0.0907863
0.0925739
0.0932693
0.0943112
0.0947828
0.0955248
0.0967669
0.0978358
0.0982871
0.0990705
0.100116
0.102025
0.102419
0.103937
0.104993
0.105478
0.106391
0.107056
0.107518
0.108038
0.108757
0.109226
0.110006
0.110972
0.111366
0.112306
0.112965
0.113543
0.114278
0.11479
0.115259
0.116191
0.11674
0.117084
0.117351
0.118
0.118134
0.11853
0.119087
0.120169
0.121223
0.121821
0.122331
0.122975
0.123525
0.124026
0.12475
0.125128
0.125803
0.126199
0.126508
0.127169
0.128146
0.128672
0.128998
0.129677
0.129918
0.1305
0.130805
0.13114
0.131703
0.132459
0.13323
0.133986
0.1347
0.135007
0.135578
0.136187
0.136905
0.137602
0.138163
0.139221
0.139666
0.13999
0.140322
0.140825
0.1411
0.141179
0.141794
0.142376
0.143135
0.143697
0.14401
0.14466
0.14484
0.145513
0.145814
0.146301
0.146746
0.147358
0.147752
0.148275
0.148783
0.149224
0.149743
0.150121
0.150688
0.151037
0.151596
0.151965
0.152673
0.153085
0.153691
0.154152
0.1548
0.155221
0.155718
0.156052
0.156538
0.156956
0.157365
0.157859
0.158077
0.158646
0.158925
0.159424
0.159877
0.16039
0.160857
0.161561
0.162201
0.162641
0.163239
0.163692
0.164193
0.164715
0.164961
0.165221
0.165708
0.166125
0.166448
0.167019
0.167373
0.167837
0.168193
0.16864
0.16887
0.169082
0.169418
0.169708
0.170146
0.170526
0.170832
0.171082
0.171599
0.171786
0.17208
0.172512
0.172923
0.173172
0.173564
0.173779
0.174138
0.174615
0.175285
0.175767
0.176225
0.176545
0.176993
