0.0136986
0.00982318
0.00808081
0.00918367
0.00902379
0.00849762
0.00986651
0.01016
0.0106047
0.0109645
0.0112295
0.0122017
0.0125085
0.0133141
0.0140394
0.0151756
0.0155455
0.0166074
0.0174286
0.0181884
0.0190698
0.0196802
0.0205184
0.0212188
0.0221056
0.0226138
0.0230441
0.0235576
0.0242072
0.0241789
0.0250947
0.0257711
0.0260454
0.0269577
0.0277651
0.0283221
0.029136
0.0296411
0.0303697
0.0314432
0.0317898
0.0327331
0.033705
0.0346211
0.0347558
0.0353568
0.0358948
0.0362022
0.0365445
0.037218
0.0376515
0.0382519
0.0385374
0.0388409
0.0394697
0.0405492
0.0409533
0.0413955
0.0423126
0.0426006
0.0434485
0.0438466
0.0444908
0.0449919
0.0452647
0.0454969
0.0461699
0.0464703
0.0469482
0.0473375
0.0475039
0.0476787
0.0480074
0.0484492
0.0490506
0.0498344
0.0505125
0.0511267
0.0511451
0.0517602
0.0523419
0.052772
0.053028
0.0538282
0.0544074
0.054703
0.0547945
0.0553202
0.0558557
0.0563211
0.0568587
0.0569466
0.0572111
0.0576993
0.0582734
0.058717
0.0590932
0.0597323
0.0603354
0.0604217
0.0608582
0.0613762
0.0617909
0.0623639
0.0627304
0.0631696
0.0637944
0.0644776
0.0648287
0.0648363
0.0649519
0.0653652
0.0657697
0.0661149
0.0665182
0.0667245
0.0671994
0.0675037
0.0677064
0.0679961
0.0682466
0.0686825
0.0688469
0.0689735
0.0692143
0.0696914
0.0700886
0.0703352
0.0706069
0.0706449
0.0712381
0.0717427
0.0721934
0.0724078
0.0727187
0.0731676
0.0736318
0.0740811
0.0744964
0.0749892
0.0750903
0.0752548
0.0755278
0.075718
0.0763211
0.0765235
0.0768216
0.0770465
0.0773417
0.077734
0.0781259
0.0784717
0.078895
0.0793101
0.0796586
0.0800536
0.0802854
0.0805732
0.0808852
0.0812219
0.0814352
0.0816539
0.0820044
0.0823519
0.0825871
0.0829814
0.0833232
0.0836003
0.0838498
0.0843906
0.0844245
0.0846238
0.0849004
0.0853203
0.0854119
0.0858155
0.0861765
0.0865965
0.0869112
0.0872254
0.0875526
0.0879922
0.0882091
0.0886603
0.0888409
0.0891319
0.0893819
0.0897314
0.0899298
0.0901808
0.0905657
0.0908524
0.0912161
0.0913283
0.091791
0.0921557
0.092434
0.0926976
0.0932075
