0.47619
0.488922
0.497967
0.492027
0.497573
0.506374
0.507443
0.500382
0.49711
0.499389
0.502493
0.506602
0.512195
0.515217
0.51592
0.520501
0.517975
0.514088
0.51461
0.51675
0.517251
0.51814
0.5197
0.522699
0.523614
0.523179
0.524546
0.525808
0.526294
0.527618
0.527411
0.525758
0.525154
0.525353
0.525278
0.526009
0.524951
0.524232
0.524355
0.524753
0.523633
0.523205
0.523492
0.523671
0.524562
0.524303
0.524824
0.524489
0.524954
0.524604
0.524261
0.525302
0.525442
0.526054
0.52592
0.525557
0.525933
0.52661
0.527215
0.527762
0.528074
0.527478
0.526855
0.526052
0.52726
0.526432
0.526171
0.525797
0.525846
0.525931
0.526514
0.526232
0.525881
0.525678
0.526178
0.526114
0.525445
0.524982
0.524902
0.524839
0.524362
0.524183
0.523626
0.523451
0.523479
0.523521
0.523318
0.522278
0.522169
0.521999
0.522303
0.522641
0.522726
0.52289
0.523233
0.523537
0.523947
0.524408
0.524891
0.525019
0.524723
0.5243
0.524129
0.52422
0.524116
0.524158
0.524085
0.523856
0.524179
0.523836
0.524001
0.52374
0.523773
0.523767
0.524001
0.523703
0.523803
0.5235
0.523213
0.523006
0.522911
0.522534
0.522333
0.522775
0.522968
0.522747
0.522797
0.52287
0.523071
0.522885
0.52334
0.523112
0.523213
0.523338
0.52352
0.523852
0.524189
0.524199
0.524021
0.524036
0.524131
0.524295
0.524695
0.52434
0.524657
0.524771
0.524786
0.524756
0.524923
0.524932
0.524843
0.524606
0.524396
0.524464
0.524625
0.524673
0.524301
0.524554
0.52402
0.524109
0.523931
0.523717
0.523598
0.523503
0.523543
0.523489
0.523467
0.523277
0.523263
0.523495
0.523315
0.523494
0.523489
0.523432
0.523401
0.523544
0.523783
0.523968
0.524029
0.52388
0.523838
0.523762
0.524074
0.524259
0.524478
0.524475
0.524628
0.524578
0.524621
