0
0.0220307
0.0386126
0.0501475
0.0585232
0.064969
0.0702247
0.0754671
0.078094
0.0822218
0.0835358
0.0865216
0.0880493
0.0906363
0.0931211
0.0956261
0.0992242
0.104329
0.106296
0.110317
0.113818
0.116125
0.118626
0.120338
0.123258
0.124384
0.125724
0.127455
0.129548
0.132298
0.13424
0.136007
0.137497
0.139617
0.141231
0.144254
0.146364
0.14782
0.148732
0.150697
0.152119
0.154155
0.155649
0.158082
0.15927
0.160584
0.16272
0.164487
0.165889
0.167338
0.169241
0.171117
0.172538
0.174775
0.176128
0.178133
0.179102
0.18054
0.18172
0.183452
0.184551
0.18592
0.187384
0.188913
0.190234
0.190926
0.19264
0.193613
0.194207
0.195779
0.197067
0.197857
0.199064
0.199818
0.200801
0.201463
0.202612
0.203358
0.204359
0.205407
0.206471
0.207023
0.208027
0.208651
0.209446
0.211029
0.211698
0.212204
0.21303
0.214277
0.215068
0.216353
0.217452
0.218265
0.219062
0.220014
0.221033
0.221738
0.222891
0.224144
0.22459
0.225451
0.226363
0.22757
0.22816
0.229322
0.230188
0.230893
0.231403
0.232327
0.232992
0.233803
0.234426
0.235223
0.235977
0.236747
0.237464
0.23834
0.238978
0.239692
0.240214
0.241047
0.241766
0.242559
0.243004
0.243797
0.24478
0.245772
0.246262
0.247047
0.247789
0.248498
0.249045
0.249623
0.250423
0.250834
0.251244
0.252371
0.253021
0.253742
0.254592
0.255384
0.255955
0.256525
0.257361
0.25813
0.258644
0.259231
0.259772
0.260739
0.261532
0.262424
0.26332
0.263707
0.264379
0.264676
0.265295
0.265982
0.266692
0.267212
0.267787
0.268624
0.269326
0.270218
0.270708
0.271622
0.272377
0.273195
0.273612
0.274158
0.274771
0.275326
0.275924
0.276364
0.276815
0.277351
0.277959
0.278514
0.278991
0.279709
0.280254
0.280583
0.280896
0.281355
0.281897
0.282435
0.282979
0.283504
0.28403
0.284562
0.285235
0.285773
0.286306
0.286969
0.287505
0.288005
0.288312
0.288708
0.289065
