0.0572687
0.306485
0.376359
0.412004
0.430318
0.442969
0.459012
0.472279
0.478397
0.488849
0.49391
0.495761
0.500167
0.503156
0.506886
0.510411
0.51259
0.515096
0.517544
0.521304
0.523417
0.523905
0.525336
0.526769
0.5279
0.528064
0.529129
0.529793
0.531649
0.534206
0.537754
0.538449
0.541469
0.542238
0.543808
0.545254
0.546644
0.546534
0.547501
0.547649
0.548471
0.548803
0.549304
0.550018
0.550793
0.552564
0.553811
0.554533
0.555457
0.555695
0.555758
0.556053
0.556412
0.557092
0.557607
0.558511
0.559574
0.560236
0.561188
0.561851
0.563128
0.563574
0.564242
0.564526
0.565335
0.566543
0.566848
0.566951
0.567635
0.56793
0.568319
0.568776
0.56942
0.569631
0.569585
0.569942
0.570273
0.570747
0.571505
0.57158
0.572037
0.57267
0.572875
0.572522
0.5728
0.573322
0.573465
0.573267
0.573594
0.574018
0.574753
0.574729
0.575428
0.575966
0.576938
0.577439
0.578177
0.578975
0.579196
0.579382
0.579739
0.58022
0.580542
0.580682
0.580497
0.580745
0.581513
0.582218
0.582583
0.582952
0.583133
0.583607
0.583731
0.583951
0.584026
0.584392
0.584956
0.585578
0.585939
0.586149
0.586431
0.586803
0.586944
0.587221
0.587794
0.587976
0.588321
0.588483
0.588824
0.588923
0.589028
0.589358
0.589828
0.590058
0.590459
0.590826
0.591073
0.591428
0.591834
0.591882
0.592234
0.592644
0.592898
0.593172
0.593232
0.593769
0.59416
0.594418
0.594856
0.595098
0.594996
0.595401
0.595802
0.595927
0.596334
0.596576
0.596894
0.597147
0.597545
0.597807
0.597826
0.598111
0.598436
0.598667
0.598914
0.599147
0.599301
0.599478
0.599818
0.600157
0.600435
0.600685
0.601091
0.601292
0.601322
0.601813
0.601892
0.602204
0.602371
0.602551
0.602658
0.602932
0.603157
0.603465
0.603725
0.603918
0.604271
0.604352
0.604679
0.605052
0.605198
0.605272
0.605497
0.605855
0.606097
0.606332
0.606568
0.606471
0.606565
