0.63141
0.671875
0.664315
0.674191
0.666065
0.655622
0.650911
0.655146
0.652848
0.655525
0.655078
0.658263
0.663357
0.665808
0.667268
0.669908
0.672186
0.672434
0.671239
0.672956
0.674013
0.678327
0.677689
0.679162
0.680259
0.67839
0.678706
0.67812
0.67859
0.680755
0.681168
0.68132
0.681599
0.682657
0.682927
0.683353
0.684386
0.684127
0.684397
0.684341
0.685177
0.686218
0.686528
0.68601
0.686204
0.686012
0.686603
0.687108
0.687631
0.687925
0.687412
0.687174
0.686798
0.686779
0.686706
0.686559
0.685725
0.685579
0.685071
0.684811
0.684743
0.684688
0.685152
0.685551
0.685749
0.68604
0.686546
0.687044
0.686609
0.685809
0.686035
0.686004
0.686631
0.686656
0.686965
0.686514
0.686766
0.686724
0.686696
0.686513
0.686318
0.686104
0.686077
0.686042
0.685999
0.686085
0.685197
0.685284
0.685351
0.685259
0.685001
0.684918
0.685068
0.684423
0.684075
0.683461
0.683107
0.683184
0.682913
0.683059
0.682766
0.682204
0.682222
0.681656
0.681632
0.68112
0.681329
0.681577
0.681558
0.681595
0.681557
0.681525
0.68158
0.681693
0.682005
0.68185
0.681842
0.681872
0.682111
0.681902
0.682233
0.682282
0.682236
0.682424
0.682633
0.682591
0.682611
0.682317
0.682341
0.682643
0.682703
0.682521
0.682727
0.682829
0.682784
0.682791
0.682671
0.682896
0.682975
0.682804
0.682796
0.682714
0.682776
0.682865
0.68272
0.682635
0.682596
0.682396
0.682473
0.682525
0.682649
0.682648
0.682671
0.682831
0.682845
0.682774
0.682993
0.682932
0.682998
0.683
0.682975
0.683211
0.683118
0.683312
0.683207
0.683374
0.683296
0.683427
0.68343
0.683554
0.683234
0.683201
0.683096
0.683147
0.682943
0.682951
0.683029
0.682998
0.68317
0.683095
0.683316
0.683227
0.683116
0.683045
0.68295
0.683065
0.683011
0.683137
0.683209
