0.004
0.042268
0.086774
0.113354
0.134576
0.146183
0.158497
0.168178
0.175109
0.183762
0.187319
0.192567
0.19697
0.204449
0.21011
0.213074
0.218197
0.222311
0.227662
0.234636
0.237674
0.240041
0.242533
0.247267
0.250533
0.253808
0.256869
0.259167
0.262539
0.265911
0.267273
0.271023
0.27388
0.276439
0.278291
0.279312
0.281619
0.283333
0.285616
0.28782
0.28969
0.291079
0.292447
0.29476
0.296444
0.297881
0.299095
0.300724
0.303285
0.304771
0.305646
0.306824
0.307316
0.309117
0.311073
0.31267
0.313329
0.315092
0.316763
0.318076
0.320073
0.321655
0.322446
0.324357
0.32603
0.327337
0.328967
0.330858
0.331978
0.332919
0.334337
0.335795
0.336626
0.337742
0.338959
0.340218
0.341025
0.342447
0.343547
0.344538
0.345571
0.346299
0.346523
0.347811
0.348806
0.34973
0.350879
0.35147
0.352664
0.353692
0.354463
0.355423
0.356232
0.35683
0.357296
0.358037
0.3587
0.359392
0.360041
0.360875
0.361814
0.36223
0.362758
0.363481
0.364081
0.365111
0.365664
0.366069
0.366488
0.367205
0.367733
0.368524
0.368688
0.369452
0.370091
0.370719
0.371201
0.371563
0.372009
0.372427
0.373284
0.373942
0.37461
0.375428
0.375826
0.37637
0.377
0.377338
0.377862
0.378266
0.378705
0.379383
0.379902
0.38005
0.380616
0.381494
0.381857
0.3823
0.382588
0.38287
0.383392
0.383929
0.384353
0.384622
0.385052
0.385237
0.38552
0.386017
0.3864
0.386892
0.38723
0.387424
0.387919
0.388361
0.388822
0.389679
0.390159
0.390836
0.391219
0.391791
0.392163
0.392556
0.393158
0.393774
0.394001
0.394433
0.394883
0.395454
0.395788
0.396156
0.396687
0.397176
0.397422
0.397503
0.397911
0.398119
0.398616
0.399064
0.399526
0.399577
0.399806
0.400026
0.400448
0.400538
0.400715
0.401019
0.401042
0.401367
0.401382
0.401695
0.401974
0.402493
0.402566
0.402735
0.402812
0.40312
0.40337
0.403592
0.403763
