0.034
0.216505
0.27944
0.311896
0.330754
0.348165
0.355692
0.369717
0.374596
0.375657
0.382777
0.384721
0.387348
0.391767
0.394238
0.394715
0.397205
0.400386
0.403357
0.407958
0.41072
0.410947
0.413487
0.415231
0.41684
0.417009
0.418049
0.418435
0.420031
0.422024
0.424678
0.426504
0.428303
0.430247
0.432358
0.4343
0.435278
0.436293
0.439118
0.441287
0.442032
0.442512
0.443707
0.444505
0.445503
0.446461
0.448029
0.44814
0.448458
0.449515
0.450834
0.451778
0.451903
0.45247
0.452199
0.45263
0.453131
0.454206
0.453771
0.454004
0.45443
0.454659
0.454637
0.454892
0.455361
0.455686
0.456173
0.456163
0.456211
0.456903
0.457912
0.458613
0.459456
0.460348
0.462073
0.463287
0.463979
0.46436
0.465089
0.466112
0.467018
0.467359
0.468417
0.469202
0.469489
0.469909
0.470963
0.471289
0.47178
0.472882
0.473298
0.474442
0.474988
0.47564
0.476078
0.477055
0.477894
0.478719
0.479024
0.479965
0.480639
0.481189
0.48166
0.482363
0.483471
0.484031
0.484506
0.484841
0.485051
0.485683
0.485951
0.486699
0.487264
0.487582
0.488284
0.488817
0.489019
0.489682
0.490152
0.490858
0.491262
0.491412
0.491831
0.492279
0.492961
0.493356
0.493472
0.494004
0.494704
0.495507
0.495925
0.496458
0.496917
0.497466
0.49775
0.497882
0.498391
0.498862
0.499192
0.49963
0.500133
0.500629
0.501067
0.50149
0.502026
0.502448
0.502786
0.503353
0.503825
0.504069
0.504444
0.504538
0.504822
0.50515
0.5056
0.505791
0.506088
0.506381
0.506761
0.506919
0.50684
0.506931
0.507128
0.507872
0.508341
0.508486
0.508842
0.509163
0.509603
0.510076
0.510238
0.510569
0.510946
0.510943
0.511147
0.511743
0.511931
0.512113
0.512486
0.512679
0.512813
0.513347
0.513573
0.513773
0.514204
0.514881
0.515173
0.515258
0.515478
0.515479
0.515855
0.516156
0.516153
0.515986
0.516287
0.516874
0.517028
0.517213
0.517264
