0.456647
0.447522
0.48296
0.478571
0.478833
0.476055
0.481938
0.487245
0.486179
0.484831
0.487282
0.491367
0.491867
0.495619
0.494823
0.4972
0.499473
0.501084
0.501658
0.501797
0.504209
0.501973
0.50383
0.504121
0.504922
0.507962
0.507116
0.507984
0.509229
0.507671
0.507892
0.507362
0.507434
0.508688
0.507991
0.509735
0.510865
0.510939
0.510386
0.509786
0.509445
0.509651
0.5098
0.50951
0.508759
0.509617
0.509439
0.508646
0.508845
0.509272
0.509465
0.50997
0.510071
0.509279
0.509756
0.510118
0.509903
0.509553
0.50968
0.509712
0.510422
0.511396
0.511214
0.511057
0.511376
0.511644
0.512264
0.512627
0.512729
0.512904
0.513684
0.513527
0.513333
0.513191
0.513295
0.512462
0.512712
0.512545
0.512897
0.513444
0.513256
0.513309
0.513138
0.512963
0.512982
0.512698
0.512746
0.51289
0.513003
0.513347
0.513124
0.513095
0.513155
0.513399
0.513552
0.513446
0.513726
0.513801
0.513921
0.513666
0.513434
0.513039
0.513319
0.512875
0.512829
0.512523
0.512328
0.51252
0.512214
0.512126
0.512165
0.511911
0.511689
0.511518
0.511462
0.511538
0.511065
0.511276
0.511575
0.511707
0.5115
0.511502
0.511744
0.511744
0.511694
0.511959
0.512049
0.512073
0.511887
0.512004
0.511825
0.512026
0.511731
0.511753
0.512032
0.511927
0.512136
0.512026
0.512298
0.512201
0.5123
0.512384
0.512201
0.5122
0.512109
0.512021
0.511764
0.511963
0.512091
0.51178
0.511874
0.511894
0.511888
0.511974
0.511633
0.511527
0.511539
0.511514
0.511723
0.51179
0.511933
0.51199
0.512002
0.511854
0.51171
0.511974
0.511903
0.512127
0.512338
0.511993
0.511885
0.512136
0.512272
0.512211
0.512103
0.511931
0.511858
0.511964
0.511823
0.511689
0.511752
0.511511
0.511714
0.511699
0.511722
0.511684
0.511588
0.511821
0.511913
