0.207547
0.13659
0.12327
0.117474
0.122931
0.122709
0.127226
0.130435
0.136522
0.140229
0.146917
0.15091
0.154355
0.1573
0.15703
0.16034
0.165992
0.168821
0.172833
0.175313
0.177368
0.18047
0.182686
0.184337
0.187905
0.190962
0.194092
0.196378
0.197557
0.199521
0.201333
0.204029
0.205919
0.209061
0.21173
0.21439
0.21579
0.218577
0.220468
0.221488
0.222534
0.224712
0.226278
0.228454
0.229815
0.231028
0.23336
0.234954
0.23694
0.239011
0.240765
0.241406
0.243425
0.244868
0.245889
0.247627
0.24948
0.250583
0.251031
0.251983
0.253818
0.255017
0.256442
0.257278
0.258225
0.259483
0.26026
0.261166
0.262262
0.263366
0.264161
0.265712
0.267244
0.268173
0.269198
0.270536
0.271899
0.272848
0.27286
0.273957
0.274819
0.275996
0.277059
0.278698
0.279608
0.280506
0.281311
0.282324
0.282647
0.283282
0.284808
0.285789
0.286811
0.287808
0.288872
0.28945
0.290616
0.291626
0.292756
