0.281071
0.231695
0.217802
0.221768
0.228676
0.226223
0.225238
0.228492
0.229308
0.229167
0.228631
0.231714
0.23698
0.239547
0.242136
0.244801
0.247797
0.252864
0.257471
0.260029
0.261977
0.265009
0.268393
0.271601
0.274837
0.277783
0.281038
0.284635
0.288224
0.289151
0.291202
0.294628
0.298005
0.300378
0.303023
0.305832
0.307516
0.31054
0.313245
0.315421
0.316218
0.317591
0.319623
0.321068
0.322585
0.324884
0.327432
0.32925
0.331041
0.33268
0.333797
0.335432
0.337822
0.338892
0.34101
0.341394
0.341957
0.343222
0.345205
0.346495
0.34757
0.348784
0.350007
0.350924
0.351759
0.35303
0.353879
0.355154
0.356412
0.357146
0.358284
0.359672
0.360754
0.361996
0.362838
0.364012
0.364863
0.3662
0.366499
0.367582
0.36877
0.370199
0.371288
0.371905
0.372625
0.373128
0.373972
0.374815
0.375815
0.376892
0.377921
0.378354
0.379027
0.37988
0.380355
0.381616
0.382478
0.383796
0.384642
