0.47561
0.511211
0.511811
0.507331
0.501475
0.494544
0.495701
0.500187
0.500166
0.500749
0.500272
0.499748
0.503253
0.503763
0.503395
0.503104
0.506388
0.50511
0.505323
0.50687
0.507246
0.507587
0.506367
0.505478
0.506511
0.50563
0.505527
0.506359
0.507175
0.507531
0.506333
0.506642
0.506752
0.505986
0.507194
0.506653
0.50649
0.506299
0.505403
0.504407
0.504674
0.50575
0.504627
0.505243
0.504956
0.503141
0.503654
0.503613
0.504551
0.505161
0.504498
0.504588
0.504868
0.50506
0.50497
0.505655
0.506541
0.505933
0.505684
0.505462
0.505474
0.505199
0.505721
0.505795
0.506123
0.506716
0.506274
0.507101
0.507086
0.507095
0.507332
0.507824
0.507612
0.507553
0.507937
0.507986
0.508186
0.507814
0.507828
0.507579
0.508201
0.508045
0.507854
0.507815
0.507776
0.508023
0.508452
0.508237
0.508133
