0.447205
0.240166
0.175694
0.146091
0.133114
0.121376
0.118786
0.114336
0.108836
0.108992
0.107987
0.105783
0.106088
0.106252
0.106961
0.107495
0.107284
0.108302
0.107989
0.109012
0.109671
0.10937
0.109574
0.110228
0.111399
0.111711
0.112885
0.114762
0.114429
0.115017
0.115778
0.115671
0.115855
0.116517
0.117131
0.118259
0.119211
0.119997
0.121268
0.122193
0.122814
0.1235
0.124405
0.124969
0.125909
0.126495
0.126408
0.127097
0.12839
0.129457
0.130397
0.13164
0.132857
0.133541
0.134429
0.13483
0.136056
0.136822
0.136938
0.137762
0.138631
0.139801
0.140483
0.140659
0.14116
0.142459
0.142691
0.143115
0.143413
0.143976
0.144554
0.145164
0.145706
0.146324
0.147032
0.147391
0.148145
0.14913
0.149327
0.149945
0.150614
0.15096
0.151963
0.152197
0.152611
0.153263
0.153783
0.154417
0.154943
0.155563
0.155972
0.156399
0.156892
0.157595
0.158008
0.158569
0.158903
0.159259
0.159678
