0.135397
0.0676983
0.0467949
0.0359922
0.0307872
0.0276862
0.0248588
0.0220406
0.0204127
0.0195297
0.0187301
0.0183519
0.0174129
0.0171789
0.0169365
0.0167
0.0164918
0.0163121
0.0163505
0.0162855
0.0160975
0.0157341
0.0159035
0.0158992
0.0157874
0.0157595
0.0157451
0.0157502
0.015473
0.0152672
0.0151717
0.0153235
0.0153021
0.0158486
0.0158206
0.0157976
0.0158424
0.0161009
0.0162048
0.0164948
0.0166547
0.0169934
0.0170887
0.0172993
0.0173095
0.0174934
0.0177624
0.0179481
0.018008
0.0182631
0.0184997
0.0185361
0.0187128
0.0187338
0.0187079
0.0188059
0.0188597
0.0189982
0.0191866
0.0192592
0.0195535
0.0197221
0.0198693
0.0204446
0.0204913
0.0208025
0.0208716
0.0209972
0.0213198
0.0214678
0.0216161
0.0217672
0.0218255
0.0219734
0.0220986
0.0222008
0.0224764
0.0228064
0.0229819
0.0228503
0.0228505
0.0230942
0.0231342
0.0232653
0.0232823
0.0235088
0.023681
0.0238742
0.0238271
0.0239483
0.0242718
0.0245127
0.0245024
0.0245391
0.0248654
0.0250885
0.0252807
0.0252829
0.0252715
