0.446483
0.449319
0.438974
0.433762
0.443442
0.443439
0.44176
0.441817
0.442123
0.440383
0.446297
0.451232
0.457714
0.462703
0.464689
0.467586
0.470996
0.472432
0.472156
0.475155
0.480733
0.482905
0.488041
0.491052
0.492562
0.494412
0.494386
0.495394
0.496796
0.498051
0.5
0.501075
0.502361
0.503664
0.505447
0.506921
0.508137
0.50922
0.509988
0.511018
0.511818
0.5119
0.511215
0.51063
0.509974
0.510798
0.511595
0.511453
0.510629
0.511066
0.512088
0.511416
0.512963
0.513191
0.513078
0.513849
0.514437
0.514153
0.514478
0.514461
0.514906
0.514752
0.514827
0.514742
0.515481
0.515978
0.516012
0.515797
0.515838
0.516088
0.515855
0.515785
0.51627
0.516238
0.516586
0.517165
0.517339
0.517037
0.516764
0.516535
0.516316
0.516716
0.517203
0.51712
0.516643
0.516766
0.516301
0.516724
0.516871
