0.0100402
0.01
0.00869565
0.00814664
0.00967352
0.0100976
0.0101098
0.0113322
0.0118994
0.0139648
0.0147727
0.0153079
0.0164209
0.0172496
0.0182147
0.0186862
0.0196348
0.020502
0.0208254
0.0212483
0.0221244
0.0221155
0.0221406
0.0231196
0.0242522
0.0244164
0.0238659
0.0236784
0.0231317
0.0231294
0.0232227
0.0228814
0.0227074
0.02241
0.0226929
0.0226081
0.0227551
0.0228535
0.0229727
0.0229126
0.0229038
0.0228663
0.0229065
0.0228031
0.0231361
0.0232145
0.0234071
0.0237336
0.023663
0.0237808
0.0243442
0.024129
0.0240593
0.0237424
0.0238911
0.0239702
0.0241475
0.0241479
0.0243579
0.0246058
0.0246229
0.024921
0.0248467
0.0250887
0.0251977
0.025098
0.0253361
0.0253317
0.0254678
0.0254713
0.0255531
0.0257107
0.025655
0.0256774
0.0259293
0.0258817
0.025999
0.0261729
0.0261509
0.026283
0.0262333
0.0263433
0.0261982
0.0264678
0.0266537
0.0268994
0.026908
0.0272096
0.0271849
0.0271103
0.0272639
0.0275335
0.0279701
0.0280297
0.0280045
0.0281472
0.0283648
0.0284129
0.0286706
0.028785
0.0289913
0.0292878
0.0293872
0.0294613
0.0295751
0.0297188
0.0297709
0.0299152
0.0298622
0.0298808
0.0299449
0.0301383
0.0302156
0.0305463
0.0306866
0.0309892
0.0311242
0.0311413
0.0312022
0.0312741
0.0314727
0.0315288
0.0315596
0.0316249
0.031907
0.032084
0.0321661
0.0323113
0.0324313
0.032592
0.0327673
0.0328726
0.0329805
0.0331325
0.033129
0.0331105
0.0332025
0.0334667
0.0336099
0.0337214
0.0338186
0.0339466
0.0341896
0.0343678
0.0344765
0.034579
0.0345791
0.0346124
0.0346486
0.034752
0.0348348
0.0349649
0.0350794
0.0351415
0.0351987
0.0353067
0.0354339
0.0354138
0.0355791
0.0356523
0.0357759
0.0359205
0.0359693
0.0360303
0.0360824
0.0362068
0.0363174
0.0365054
0.0366473
0.0365889
0.0367007
0.0368212
0.0368795
0.0369827
0.0370414
0.0372976
0.0374306
0.0375346
0.03779
0.0379087
0.0379858
0.0381613
0.0382104
0.0382223
0.0383102
0.0384785
0.0386728
0.0387634
0.0388598
0.0387747
0.0388126
0.0387579
0.0389624
0.0389976
0.0391655
0.039357
0.0393221
0.0394731
0.0395388
