0.141434
0.086
0.069103
0.0613949
0.0603414
0.060416
0.0638779
0.0637875
0.0670919
0.0685906
0.0689016
0.0709689
0.0722158
0.0740162
0.0751334
0.075565
0.0766635
0.0772716
0.0776964
0.0788466
0.0810811
0.0816146
0.0837229
0.0856059
0.0856548
0.0872026
0.0865161
0.0861913
0.0859272
0.0860041
0.085764
0.0848304
0.0849412
0.0843281
0.0846131
0.0843452
0.0846568
0.0851683
0.0850618
0.0853312
0.0856366
0.0853829
0.0854059
0.0855944
0.0852195
0.085443
0.0854421
0.0852888
0.0856494
0.0858929
0.0867782
0.0872659
0.0878579
0.0881344
0.0883083
0.0883215
0.0881463
0.0882728
0.0882503
0.088397
0.0884249
0.0891969
0.089184
0.0892163
0.0894126
0.0896607
0.0895757
0.0897834
0.0902646
0.0901678
0.0905665
0.0903596
0.090756
0.0914551
0.0914183
0.091402
0.0911576
0.0912827
0.091314
0.0916133
0.091988
0.0923728
0.0926688
0.0928324
0.0928431
0.0930018
0.0929415
0.0933587
0.0935389
0.0936209
0.0938895
0.0939093
0.0938408
0.0941423
0.0940569
0.0942089
0.0944307
0.0944606
0.0946317
0.0946437
0.0949518
0.0957519
0.0958794
0.095813
0.0957014
0.0959112
0.096337
0.0964298
0.0965121
0.0965566
0.0963621
0.0967295
0.0970305
0.0979679
0.098156
0.0981219
0.0979422
0.0980569
0.0984893
0.0987948
0.0988422
0.0988086
0.0988526
0.0989124
0.0991172
0.0991464
0.0991894
0.0995071
0.099825
0.100082
0.100323
0.10045
0.10064
0.100854
0.100973
0.10132
0.101514
0.101645
0.102204
0.102152
0.102686
0.102762
0.102959
0.103176
0.103218
0.10346
0.103665
0.103809
0.104109
0.104106
0.104582
0.104774
0.104732
0.104815
0.105018
0.105082
0.105295
0.105326
0.105572
0.105586
0.10577
0.105894
0.106063
0.106092
0.106224
0.106427
0.106611
0.106718
0.107029
0.107251
0.107556
0.107784
0.107817
0.108077
0.108143
0.108299
0.108599
0.108786
0.108963
0.109072
0.109178
0.109587
0.10967
0.109947
0.110185
0.110505
0.110814
0.110783
0.110948
0.111094
0.111121
0.111392
0.111475
0.11164
0.111893
0.112115
0.112173
0.112512
0.112644
