0.545171
0.522907
0.50787
0.512921
0.50839
0.505858
0.507366
0.509944
0.509934
0.514737
0.511983
0.513819
0.515593
0.520376
0.524218
0.525951
0.525704
0.522908
0.520378
0.519832
0.510851
0.503537
0.49474
0.489174
0.483744
0.47601
0.470751
0.464175
0.459834
0.452994
0.454668
0.456211
0.458477
0.45949
0.459469
0.460249
0.460505
0.461738
0.463558
0.465104
0.466866
0.467246
0.46715
0.467739
0.469253
0.468376
0.46867
0.46915
0.470031
0.470951
0.470848
0.470354
0.470256
0.469387
0.468563
0.468269
0.468422
0.469346
0.468354
0.468359
0.470111
0.471097
0.473119
0.474062
0.475005
0.475894
0.476741
0.477638
0.478075
0.478804
0.479031
0.479398
0.479669
0.479808
0.480151
0.480268
0.481033
0.481464
0.48161
0.481558
0.482053
0.482374
0.482637
0.483026
0.483364
0.484249
0.484973
0.484807
0.484668
0.485492
0.485732
0.486085
0.486408
0.486351
0.486878
0.487093
0.487942
0.487717
0.487298
0.487429
0.486844
0.486749
0.486496
0.486821
0.486524
0.486301
0.485888
0.486306
0.486113
0.485736
0.485891
0.485644
0.485643
0.48604
0.486092
0.485904
0.486486
0.48652
0.486805
0.487261
0.487503
0.487881
0.488066
0.488136
0.488149
0.488341
0.488438
0.488597
0.488612
0.488904
0.489374
0.48935
0.489209
0.489519
0.489625
0.489439
0.489144
0.489012
0.488431
0.488671
0.488706
0.489121
0.489351
0.489377
0.489481
0.489734
0.490009
0.490238
0.49032
0.490333
0.490843
0.490821
0.490808
0.490916
0.491209
0.491066
0.491112
0.491386
0.491145
0.491282
0.491509
0.491589
0.491997
0.492054
0.492531
0.492989
0.492968
0.493008
0.493228
0.493494
0.493661
0.493776
0.493784
0.493972
0.494125
0.494268
0.494452
0.494357
0.494632
0.494522
0.494744
0.494741
0.494715
0.494954
0.495031
0.494874
0.494997
0.495127
0.495182
