0.183752
0.101712
0.0707071
0.0557229
0.0469558
0.0395743
0.0367312
0.0338561
0.0314996
0.0294997
0.0285182
0.0276896
0.0269051
0.0259412
0.0262526
0.025883
0.0257493
0.0254976
0.0251776
0.0249191
0.0247126
0.0249418
0.0250774
0.0252161
0.02501
0.0250193
0.0247942
0.0251338
0.024967
0.0247736
0.0246052
0.0244179
0.0245437
0.024663
0.0245798
0.0246761
0.0245342
0.0246004
0.0250918
0.0253426
0.0255009
0.0257063
0.0260469
0.0259978
0.0261297
0.0261857
0.0264511
0.0264409
0.0266244
0.0269401
0.0270661
0.0273547
0.0274697
0.0277778
0.0278627
0.0278339
0.0279432
0.0279484
0.0280759
0.0281495
0.028256
0.0284473
0.0288059
0.0289653
0.0289985
0.0290987
0.0292965
0.0294637
0.029469
0.0295669
0.0295012
0.029538
0.0297438
0.0299235
0.0300478
0.03015
0.0301439
0.0301788
0.0304769
0.0305703
0.0306712
0.0309082
0.0311184
0.0316934
0.0317354
0.0320103
0.0321239
0.0323499
0.0324954
0.0326961
0.0328064
0.03295
0.032966
0.032977
0.0330939
0.0332827
0.0335337
0.0336865
0.0337578
