0.540373
0.434955
0.332673
0.285857
0.257338
0.239225
0.229358
0.223952
0.218611
0.214529
0.213258
0.212811
0.210897
0.20959
0.207898
0.206306
0.207921
0.207823
0.206784
0.205401
0.204363
0.204329
0.203652
0.202971
0.200403
0.200527
0.199282
0.200349
0.201247
0.201538
0.200538
0.199853
0.199936
0.200373
0.200152
0.200296
0.200246
0.200802
0.200591
0.200457
0.200053
0.200836
0.200415
0.200554
0.200072
0.20052
0.200637
0.200853
0.201483
0.202168
0.201785
0.20151
0.201959
0.202208
0.202202
0.202618
0.203245
0.203135
0.20296
0.203552
0.203511
0.203789
0.203586
0.204091
0.203924
0.203598
0.203413
0.203193
0.203369
0.203612
0.204002
0.203795
0.204101
0.203752
0.204066
0.20415
0.204624
0.20447
0.204627
0.204613
0.204783
0.204687
0.204757
0.205188
0.204894
0.204893
0.204592
0.204614
0.204767
0.2051
0.204876
0.204909
0.205163
0.205164
0.204948
0.204991
0.204827
0.204936
0.205175
