0.433803
0.426761
0.426261
0.426087
0.431304
0.430859
0.424623
0.426838
0.431714
0.433157
0.439227
0.445347
0.451406
0.457681
0.458111
0.463645
0.467388
0.467861
0.469429
0.472111
0.475308
0.476865
0.478334
0.48101
0.483541
0.487317
0.490159
0.490524
0.493478
0.493704
0.494758
0.495715
0.496742
0.497362
0.497653
0.498758
0.498551
0.499177
0.49889
0.498918
0.498363
0.497516
0.497329
0.497725
0.498539
0.498667
0.49914
0.500187
0.500245
0.500721
0.502589
0.502392
0.50229
0.502274
0.502478
0.502487
0.502416
0.503589
0.503606
0.50405
0.504007
0.504418
0.504061
0.504276
0.504023
0.503035
0.503701
0.503981
0.504532
0.505155
0.506516
0.50709
0.507337
0.508507
0.508987
0.509086
0.509454
0.509979
0.509984
0.509974
0.509978
0.510422
0.510081
0.509793
0.510005
0.510364
0.510587
0.510602
0.511293
