0.395876
0.379024
0.395145
0.375755
0.364935
0.355644
0.354113
0.349476
0.342636
0.345226
0.345309
0.344062
0.341996
0.341621
0.34032
0.339647
0.339162
0.337345
0.334619
0.334329
0.334062
0.331818
0.333512
0.334709
0.334901
0.334431
0.33252
0.33206
0.332185
0.331507
0.330703
0.330907
0.330815
0.329848
0.32898
0.329748
0.328335
0.32745
0.327333
0.326736
0.326675
0.325675
0.325462
0.326458
0.325871
0.326256
0.325889
0.325327
0.325195
0.324823
0.325505
0.32456
0.324586
0.324218
0.323908
0.324254
0.324005
0.323572
0.323316
0.322653
0.323667
0.323537
0.323759
0.322929
0.32324
0.3229
0.322694
0.322978
0.322842
0.322445
0.322826
0.322884
0.322912
0.323355
0.323661
0.323365
0.323435
0.323676
0.323425
0.323605
0.323576
0.323727
0.323837
0.324119
0.323564
0.323276
0.32299
0.322957
0.322734
0.322813
0.323218
0.323683
0.324962
0.325507
0.325111
0.325281
0.325094
0.324571
0.324323
