0.248544
0.255545
0.275544
0.272863
0.251311
0.24658
0.244623
0.245118
0.235452
0.235601
0.236535
0.233262
0.23214
0.233527
0.232079
0.229772
0.228765
0.227931
0.224688
0.224661
0.226989
0.224013
0.224306
0.22501
0.226036
0.224308
0.220178
0.21751
0.218499
0.218482
0.217863
0.217166
0.217539
0.217998
0.217548
0.21847
0.215212
0.21477
0.214774
0.213612
0.21298
0.211821
0.211659
0.210904
0.210814
0.211379
0.210675
0.209229
0.209042
0.207967
0.208744
0.206652
0.206788
0.205511
0.205571
0.205213
0.203976
0.20359
0.202928
0.202197
0.203517
0.204391
0.204686
0.203177
0.204022
0.203052
0.204049
0.204392
0.203964
0.20325
0.203381
0.203657
0.203566
0.203439
0.203741
0.203812
0.203816
0.203945
0.204014
0.204358
0.203929
0.203981
0.203445
0.203082
0.202881
0.202776
0.202026
0.201442
0.20165
0.202019
0.202525
0.202906
0.203871
0.204836
0.204717
0.205147
0.205206
0.204358
0.204457
