0.301887
0.298273
0.305031
0.318818
0.326154
0.315628
0.316023
0.311179
0.307065
0.311152
0.312398
0.30665
0.310201
0.311121
0.30987
0.30857
0.302956
0.297649
0.299054
0.299202
0.30063
0.299302
0.29898
0.300399
0.302575
0.305166
0.301229
0.299701
0.299103
0.298695
0.298669
0.298583
0.299086
0.297439
0.297921
0.29855
0.298049
0.297043
0.297752
0.298018
0.298101
0.297217
0.297382
0.295572
0.29572
0.296107
0.29474
0.295298
0.294768
0.294513
0.294921
0.295186
0.296015
0.295855
0.296921
0.296717
0.297739
0.298214
0.2987
0.298291
0.299042
0.29891
0.298591
0.299034
0.299895
0.300672
0.300679
0.300687
0.300677
0.300599
0.30075
0.301011
0.300375
0.29965
0.299956
0.300192
0.299443
0.2988
0.29812
0.298437
0.298178
0.298694
0.299037
0.29929
0.299246
0.299463
0.299345
0.299167
0.299169
