0.213552
0.260302
0.283602
0.310912
0.32509
0.34424
0.361294
0.374718
0.389408
0.396071
0.399474
0.402549
0.405785
0.411279
0.415684
0.419364
0.424563
0.427914
0.432651
0.436342
0.439087
0.441223
0.44412
0.447742
0.452011
0.45559
0.456761
0.459336
0.461096
0.463632
0.465526
0.468439
0.471183
0.472081
0.473265
0.474855
0.475953
0.476867
0.477992
0.479539
0.480822
0.481749
0.483226
0.483417
0.484049
0.484628
0.485126
0.485346
0.486638
0.488323
0.48961
0.490203
0.491065
0.491656
0.492871
0.494191
0.494888
0.496374
0.496948
0.497827
0.498702
0.5
0.500419
0.501303
0.501734
0.502931
0.50345
0.504386
0.505738
0.50594
0.506704
0.507405
0.508308
0.508697
0.508807
0.509582
0.510844
0.511709
0.511384
0.512074
0.512022
0.511891
0.512277
0.512909
0.51401
0.514831
0.515496
0.516108
0.516684
0.516816
0.516793
0.517327
0.518062
0.518635
0.51844
0.518724
0.51928
0.519425
0.5198
