0.120858
0.154229
0.203704
0.238836
0.252306
0.262895
0.276875
0.291635
0.303151
0.313909
0.321689
0.328264
0.332343
0.336456
0.339709
0.346719
0.350404
0.353826
0.357565
0.359778
0.3628
0.366285
0.371107
0.374619
0.376289
0.378209
0.381584
0.383428
0.386642
0.388702
0.390111
0.392871
0.394328
0.396002
0.396616
0.397819
0.399551
0.400589
0.40185
0.404358
0.405397
0.406115
0.406829
0.40966
0.411049
0.411932
0.413202
0.414679
0.41556
0.416971
0.417577
0.418049
0.419409
0.420087
0.420798
0.422352
0.423436
0.424228
0.424471
0.425428
0.426244
0.427282
0.42753
0.428405
0.428699
0.429319
0.429869
0.430515
0.431369
0.431873
0.433142
0.433588
0.43467
0.434873
0.435579
0.436069
0.436937
0.437374
0.438213
0.438881
0.438929
0.439593
0.439951
0.440439
0.441014
0.441518
0.442514
0.443121
0.443825
0.44408
0.444254
0.444647
0.445116
0.445915
0.446141
0.447139
0.447589
0.447526
0.448317
