0.529231
0.525397
0.499479
0.492308
0.502442
0.504299
0.504114
0.503058
0.506766
0.502586
0.506781
0.510541
0.51267
0.511349
0.510669
0.512658
0.513151
0.512887
0.513571
0.514982
0.516163
0.516918
0.515758
0.515175
0.513042
0.512317
0.515283
0.515135
0.516098
0.518477
0.51768
0.518604
0.519277
0.520536
0.520923
0.522006
0.521743
0.520433
0.520614
0.519322
0.519632
0.519895
0.520302
0.520047
0.520956
0.521913
0.521937
0.520733
0.520665
0.520709
0.520654
0.520553
0.520429
0.520394
0.51946
0.519387
0.519844
0.520017
0.519779
0.519939
0.51986
0.519753
0.52006
0.519808
0.520286
0.520589
0.520495
0.520512
0.519537
0.520068
0.519643
0.5201
0.52019
0.519729
0.520524
0.52055
0.52142
0.521595
0.521838
0.522223
0.522052
0.521596
0.522031
0.522092
0.522416
0.522474
0.522371
0.522482
0.52242
