0.0239044
0.0544218
0.0778715
0.0923535
0.105556
0.116672
0.125894
0.131756
0.137163
0.144711
0.149131
0.153197
0.157598
0.161102
0.166069
0.170968
0.173453
0.178201
0.182371
0.18636
0.189892
0.192155
0.194909
0.198394
0.201931
0.205837
0.207357
0.210636
0.213204
0.21657
0.219316
0.220973
0.224384
0.227792
0.229959
0.231723
0.234243
0.23604
0.238299
0.240978
0.242517
0.243634
0.245964
0.248398
0.250912
0.251701
0.253657
0.255372
0.257338
0.258695
0.260071
0.261292
0.262913
0.264138
0.265516
0.266988
0.268351
0.269477
0.270861
0.272984
0.274641
0.276292
0.277461
0.279458
0.281188
0.282449
0.283763
0.28572
0.287267
0.288582
0.290002
0.291106
0.291524
0.292643
0.292896
0.293265
0.293972
0.295276
0.296039
0.296882
0.297433
0.29832
0.299354
0.30002
0.301015
0.302094
0.302928
0.303895
0.304822
0.305467
0.306156
0.307173
0.308021
0.308876
0.309839
0.310636
0.31169
0.311768
0.312423
0.313069
0.313576
0.314439
0.315143
0.31558
0.316326
0.317082
0.317637
0.318354
0.318981
0.319702
0.320574
0.321067
0.322032
0.32309
0.323628
0.324647
0.325199
0.325913
0.326717
0.327302
0.327621
0.328247
0.329061
0.329646
0.330488
0.331062
0.331949
0.332349
0.332617
0.332956
0.333488
0.334209
0.334978
0.335362
0.335882
0.336658
0.337037
0.337417
0.337837
0.338246
0.33875
0.339517
0.339828
0.340402
0.340387
0.340627
0.34105
0.341596
0.342463
0.343296
0.343637
0.344105
0.344526
0.34513
0.345758
0.346266
0.346324
0.347046
0.34745
0.348002
0.348409
0.348864
0.349141
0.3497
0.350128
0.350225
0.350507
0.350995
0.351555
0.352141
0.352565
0.352735
0.353135
0.353278
0.353484
0.353912
0.354269
0.354645
0.354871
0.354988
0.355468
0.355941
0.356447
0.357004
0.357661
0.357894
0.358053
0.35825
0.358342
0.358338
0.358455
0.358799
0.358921
0.359348
0.35964
0.359674
0.360246
0.360711
0.361076
