0.331325
0.269825
0.276217
0.28852
0.304839
0.315119
0.327247
0.330991
0.33289
0.339679
0.342001
0.345738
0.35103
0.353893
0.359236
0.362545
0.366243
0.369514
0.370459
0.37446
0.377151
0.380311
0.38152
0.383714
0.385683
0.386412
0.387961
0.390839
0.392197
0.394564
0.396375
0.39752
0.397775
0.400279
0.40095
0.40075
0.401062
0.402358
0.404045
0.406392
0.408636
0.408928
0.41026
0.411808
0.411963
0.413634
0.413973
0.414911
0.416769
0.416867
0.418455
0.418994
0.419505
0.420471
0.422626
0.423513
0.423829
0.423883
0.424193
0.425423
0.426161
0.427202
0.42762
0.428795
0.42976
0.43022
0.431481
0.432378
0.432824
0.43358
0.434535
0.43516
0.435616
0.435825
0.436783
0.436864
0.437855
0.439316
0.439817
0.440126
0.440911
0.441536
0.442625
0.443212
0.443784
0.444202
0.444731
0.445134
0.446016
0.446691
0.446983
0.447869
0.448462
0.44911
0.449663
0.449948
0.45048
0.451126
0.451392
0.451788
0.452345
0.452541
0.452454
0.452998
0.453553
0.453945
0.454038
0.454189
0.454257
0.454583
0.455341
0.456064
0.456297
0.456881
0.4575
0.458258
0.458708
0.459191
0.459721
0.460581
0.461001
0.461421
0.46142
0.461687
0.461849
0.462244
0.462939
0.463436
0.463363
0.463553
0.46396
0.464694
0.464827
0.465216
0.465723
0.466093
0.466289
0.466573
0.467026
0.467439
0.467995
0.468466
0.468658
0.469039
0.469317
0.469494
0.469742
0.470244
0.470531
0.470666
0.471156
0.471449
0.471802
0.472171
0.472317
0.47241
0.472604
0.472859
0.473264
0.47379
0.473928
0.474111
0.474601
0.474799
0.475242
0.475758
0.476112
0.476475
0.476667
0.476981
0.477155
0.477306
0.477622
0.477613
0.477927
0.478113
0.4783
0.478462
0.478775
0.479141
0.47934
0.479693
0.480084
0.480378
0.480571
0.480578
0.480644
0.480808
0.480712
0.48086
0.48133
0.481718
0.481879
0.482156
0.482551
0.482686
0.48308
0.483375
0.483883
