0.435673
0.433083
0.450549
0.459419
0.462281
0.465361
0.469034
0.467656
0.469119
0.471807
0.473873
0.477525
0.482413
0.482462
0.482221
0.482784
0.481371
0.481408
0.486068
0.488978
0.489773
0.491672
0.491837
0.491363
0.491676
0.489658
0.489586
0.490466
0.492331
0.492572
0.492607
0.493056
0.492235
0.490651
0.490842
0.491041
0.492184
0.490909
0.491127
0.491157
0.491195
0.491545
0.492089
0.491886
0.493091
0.494021
0.493889
0.494271
0.494029
0.494383
0.494551
0.495024
0.495315
0.494988
0.494477
0.494312
0.494988
0.494993
0.495605
0.495652
0.495897
0.496689
0.497027
0.49705
0.497579
0.497684
0.497807
0.497574
0.497196
0.497236
0.497212
0.497585
0.497085
0.497147
0.497202
0.496746
0.496847
0.496946
0.496814
0.496175
0.496277
0.495992
0.49649
0.497049
0.497348
0.497148
0.496888
0.496308
0.49652
0.496608
0.496761
0.497168
0.497457
0.497451
0.497908
0.498275
0.498478
0.49831
0.497977
0.497532
0.497675
0.49817
0.497997
0.49819
0.498395
0.49868
0.498523
0.498635
0.4988
0.498524
0.498713
0.498509
0.498495
0.498668
0.498915
0.499351
0.499151
0.499069
0.498951
0.498635
0.498361
0.497992
0.497862
0.49782
0.497513
0.497438
0.497175
0.497186
0.497533
0.497575
0.497159
0.497431
0.497416
0.497202
0.49688
0.496552
0.496054
0.496016
0.495724
0.495605
0.495467
0.495393
0.49576
0.495914
0.495839
0.495857
0.495418
0.494983
0.494935
0.495027
0.494873
0.494865
0.494897
0.494969
0.495242
0.495262
0.495588
0.496091
0.496096
0.49627
0.496032
0.495639
0.495849
0.49573
0.4958
0.496259
0.496202
0.496558
0.496623
0.496405
0.496733
0.496717
0.496519
0.496478
0.496514
0.496295
0.496343
0.496389
0.496687
0.496548
0.496518
0.496553
0.496401
0.49663
0.496473
0.496677
0.496632
0.496974
0.497131
