0.0893617
0.11722
0.152749
0.172185
0.182887
0.192828
0.196532
0.202516
0.203567
0.210917
0.214999
0.219629
0.221704
0.222556
0.225647
0.227519
0.229816
0.230709
0.231576
0.234414
0.23576
0.237288
0.238019
0.238907
0.239749
0.241592
0.24194
0.242839
0.244169
0.24502
0.246549
0.247736
0.247892
0.249327
0.250563
0.25208
0.253664
0.25467
0.255393
0.256008
0.256635
0.257747
0.259904
0.260125
0.26046
0.261757
0.263227
0.26363
0.263779
0.265111
0.264863
0.264704
0.266529
0.267072
0.267787
0.268996
0.268832
0.269767
0.27072
0.271369
0.272373
0.273263
0.273809
0.275067
0.276405
0.277308
0.277806
0.278202
0.278757
0.279394
0.280414
0.280748
0.281311
0.281713
0.282064
0.283177
0.283713
0.283687
0.284368
0.284358
0.285072
0.285276
0.285588
0.285888
0.286485
0.287332
0.287487
0.2879
0.288282
0.288818
0.288697
0.289418
0.289969
0.290718
0.291768
0.292123
0.292381
0.2927
0.292852
0.293213
0.293255
0.293409
0.294039
0.294422
0.294667
0.295551
0.296016
0.296525
0.296785
0.297214
0.297429
0.297785
0.297985
0.298316
0.299053
0.299383
0.299462
0.299503
0.299456
0.300166
0.30026
0.300518
0.300947
0.301375
0.301776
0.302266
0.302911
0.303473
0.303552
0.303466
0.30379
0.304112
0.304197
0.304652
0.304939
0.305028
0.305315
0.305551
0.306339
0.30685
0.307114
0.30737
0.307756
0.307903
0.308348
0.308568
0.308781
0.308927
0.309605
0.310176
0.310478
0.310901
0.311057
0.311503
0.311672
0.311723
0.311905
0.311934
0.312162
0.312324
0.312629
0.312791
0.313171
0.314043
0.3144
0.31472
0.3152
0.315609
0.316016
0.316311
0.31689
0.317052
0.317769
0.318257
0.318417
0.318724
0.319048
0.319531
0.319868
0.31997
0.320195
0.320413
0.32091
0.321101
0.321334
0.321627
0.321943
0.322175
0.322317
0.322609
0.32295
0.323266
0.323595
0.323788
0.324161
0.324487
0.324784
0.324885
0.325143
