0.0169811
0.023166
0.0255403
0.0328915
0.0378848
0.0404074
0.0432203
0.0452174
0.0498339
0.0516245
0.053928
0.0564843
0.0587354
0.05935
0.0616397
0.0627406
0.0644678
0.0654011
0.0672311
0.068854
0.0705964
0.07342
0.0748205
0.077688
0.0797087
0.0807867
0.0816899
0.0828644
0.0839216
0.085859
0.086463
0.0876979
0.0892349
0.0918665
0.092931
0.0938163
0.0954964
0.096916
0.0972582
0.0981059
0.0990344
0.101818
0.103392
0.105064
0.106403
0.107114
0.108289
0.109551
0.110675
0.111721
0.113158
0.114316
0.115579
0.116573
0.117503
0.118531
0.118899
0.120496
0.121361
0.122241
0.122934
0.124128
0.125226
0.126468
0.12743
0.128401
0.129489
0.130635
0.131277
0.131399
0.132543
0.133424
0.133724
0.134889
0.135413
0.135973
0.136272
0.136638
0.137352
0.137771
0.137987
0.138726
0.139793
0.140745
0.141503
0.142254
0.142638
0.143231
0.14392
0.144406
0.144894
0.145452
0.146299
0.147243
0.147967
0.149039
0.149938
0.150121
0.150681
0.151308
0.151953
0.15262
0.153761
0.154451
0.155049
0.155892
0.156453
0.156783
0.157446
0.157958
0.158896
0.15935
0.159842
0.160515
0.161201
0.161595
0.162021
0.162829
0.163347
0.163697
0.164381
0.164963
0.165491
0.166337
0.166994
0.167846
0.168451
0.168824
0.169026
0.169987
0.170768
0.171153
0.17213
0.172589
0.173063
0.173549
0.174197
0.174872
0.175599
0.176079
0.176938
0.177713
0.178297
0.178688
0.17933
0.179693
0.179983
0.180662
0.181351
0.181859
0.182406
0.183006
0.183531
0.183864
0.1842
0.184571
0.184922
0.18528
0.185628
0.186074
0.186501
0.186933
0.187302
0.187754
0.188412
0.188828
0.18939
0.189935
0.190668
0.190945
0.191476
0.191981
0.192634
0.193097
0.193325
0.193822
0.194173
0.194462
0.19498
0.195507
0.195814
0.196183
0.196649
0.197038
0.197307
0.197754
0.198174
0.198397
0.198819
0.199167
0.199596
0.200094
0.200336
0.200754
0.201185
0.201665
0.201885
0.202146
0.202582
