0.48503
0.487915
0.509165
0.508462
0.510716
0.501767
0.491372
0.492605
0.489196
0.486634
0.491306
0.488917
0.492097
0.495662
0.499188
0.49981
0.498929
0.498992
0.500396
0.501352
0.501001
0.501435
0.502154
0.502066
0.503006
0.502143
0.502518
0.501025
0.500625
0.503419
0.502193
0.503451
0.504765
0.505744
0.507672
0.507416
0.508475
0.508581
0.510142
0.511123
0.51238
0.51183
0.511703
0.512042
0.511237
0.511747
0.511135
0.511075
0.511443
0.511712
0.512174
0.511965
0.513638
0.514083
0.514517
0.514568
0.515215
0.514663
0.514761
0.514737
0.514415
0.513968
0.514632
0.514295
0.51481
0.515208
0.515036
0.514773
0.514864
0.514542
0.514069
0.514266
0.514546
0.513937
0.514258
0.513906
0.514213
0.51455
0.514366
0.51435
0.514288
0.514384
0.514786
0.515103
0.515759
0.516026
0.515628
0.515079
0.51519
0.515389
0.51518
0.515471
0.515407
0.51564
0.515672
0.515068
0.514777
0.514738
0.514819
0.515018
0.514867
0.51488
0.514809
0.514649
0.514506
0.514837
0.514802
0.51464
0.514419
0.514703
0.514732
0.5147
0.514477
0.514571
0.514602
0.515242
0.515458
0.515342
0.515167
0.515175
0.515007
0.514849
0.515047
0.5154
0.51516
0.515489
0.5155
0.515606
0.515827
0.515824
0.516034
0.516414
0.516344
0.516521
0.516666
0.517273
0.517368
0.517617
0.51773
0.517792
0.517948
0.51795
0.517889
0.518195
0.518045
0.518064
0.518047
0.517799
0.517722
0.517616
0.517517
0.517551
0.517529
0.517281
0.517443
0.51762
0.517315
0.516953
0.517159
0.517085
0.517264
0.517063
0.517199
0.517477
0.517885
0.517611
0.517357
0.517099
0.517121
0.517326
0.51767
0.517595
0.517719
0.517863
0.517952
0.517982
0.518054
0.518199
0.518426
0.518381
0.518329
0.518456
0.518388
0.518529
0.518395
0.518583
0.518349
0.518225
0.518268
