0
0.0143296
0.0247161
0.0332176
0.0374353
0.0418049
0.047836
0.0478817
0.0512244
0.0543874
0.0566755
0.0589183
0.0599898
0.0623794
0.0659324
0.0672464
0.0691893
0.071892
0.0744924
0.0760605
0.0781561
0.0805997
0.0820936
0.0846888
0.0867714
0.08812
0.0894077
0.0917271
0.0936413
0.094369
0.0954144
0.0964496
0.0983607
0.100194
0.100672
0.102172
0.103555
0.103921
0.104945
0.106693
0.107733
0.10905
0.110093
0.111097
0.112615
0.113689
0.114493
0.115306
0.116452
0.117724
0.118236
0.119254
0.120231
0.120871
0.121868
0.122561
0.123611
0.124652
0.125372
0.126063
0.126762
0.127357
0.128274
0.12985
0.131126
0.132255
0.132628
0.133573
0.13434
0.135423
0.136243
0.137324
0.138162
0.139041
0.140039
0.141515
0.142257
0.143013
0.143781
0.144488
0.145711
0.146653
0.147458
0.148064
0.148856
0.149814
0.150583
0.151147
0.152112
0.152957
0.153928
0.154756
0.155651
0.156628
0.157555
0.158299
0.159114
0.159753
0.160157
0.160642
0.161667
0.162587
0.163188
0.163935
0.164554
0.165135
0.165683
0.166288
0.166918
0.167415
0.168072
0.169033
0.170299
0.170924
0.171624
0.172509
0.173164
0.173854
0.174179
0.174409
0.174838
0.175676
0.176084
0.176574
0.177041
0.177398
0.17795
0.178474
0.179188
0.179946
0.180372
0.180952
0.181462
0.181935
0.182809
0.183641
0.184102
0.184497
0.184795
0.185277
0.186118
0.18639
0.187026
0.1877
0.188286
0.188756
0.189032
0.189647
0.190212
0.190672
0.191205
0.191486
0.192144
0.192457
0.193004
0.193415
0.193837
0.194369
0.195019
0.195478
0.19605
0.196737
0.197033
0.197495
0.198048
0.198742
0.199206
0.199692
0.200007
0.200207
0.200574
0.200984
0.201438
0.201646
0.20203
0.20218
0.202641
0.203052
0.203724
0.204239
0.204288
0.204531
0.204984
0.205382
0.205959
0.206306
0.206753
0.207266
0.207664
0.207994
0.208384
0.208718
0.209361
0.209736
0.210179
0.210312
0.210817
0.211449
0.211836
