0.0328542
0.253177
0.294744
0.309632
0.320209
0.327528
0.327695
0.328098
0.332161
0.333795
0.335926
0.336752
0.337977
0.340165
0.337912
0.338372
0.34079
0.341784
0.341969
0.343546
0.344339
0.3456
0.345379
0.34591
0.348213
0.349736
0.35155
0.352755
0.35349
0.353871
0.355128
0.356993
0.357907
0.358735
0.35931
0.361455
0.361261
0.362986
0.363327
0.363098
0.363151
0.363451
0.364652
0.365472
0.365463
0.36634
0.366817
0.36784
0.36836
0.369805
0.371045
0.371087
0.371527
0.372086
0.372544
0.371885
0.371939
0.372594
0.373143
0.373713
0.374671
0.375531
0.375963
0.375938
0.376534
0.376929
0.377565
0.37794
0.3782
0.378562
0.37892
0.379
0.379705
0.379992
0.380059
0.379818
0.380089
0.38061
0.381299
0.381497
0.381791
0.38263
0.383
0.383694
0.384201
0.384747
0.385216
0.384965
0.385299
0.385319
0.385861
0.385898
0.38632
0.386643
0.387193
0.38757
0.387792
0.388019
0.387974
0.388209
0.388366
0.389198
0.389792
0.389776
0.389795
0.390063
0.390642
0.391097
0.391094
0.39149
0.391626
0.392025
0.391983
0.391923
0.392371
0.392826
0.392945
0.39345
0.393382
0.393667
0.39402
0.394327
0.394976
0.395212
0.395157
0.395264
0.395675
0.395756
0.396219
0.396785
0.396981
0.397208
0.397402
0.397464
0.397737
0.39808
0.398253
0.398354
0.398727
0.399079
0.399479
0.399637
0.400081
0.400426
0.401118
0.401658
0.40156
0.401964
0.40203
0.402198
0.40261
0.402841
0.403035
0.403273
0.403391
0.40368
0.403815
0.403934
0.404159
0.404577
0.404594
0.404675
0.404662
0.404763
0.405005
0.405125
0.405594
0.405563
0.405804
0.406201
0.406244
0.406549
0.406933
0.407262
0.407645
0.407973
0.408229
0.408518
0.409027
0.409239
0.409228
0.409477
0.409799
0.410224
0.410771
0.411128
0.411346
0.411344
0.411747
0.411897
0.411874
0.411921
0.412099
0.412436
0.412679
0.412753
0.413071
0.413299
0.413414
