0.52924
0.533133
0.529058
0.526512
0.521868
0.515826
0.517109
0.511584
0.511944
0.510815
0.512703
0.514655
0.509529
0.510978
0.512719
0.513073
0.513891
0.513091
0.512916
0.51373
0.514795
0.513122
0.512429
0.5103
0.509851
0.508103
0.507951
0.507365
0.506997
0.506071
0.505395
0.506007
0.50711
0.506229
0.506397
0.505806
0.504517
0.503837
0.503432
0.504024
0.5048
0.506363
0.507363
0.507558
0.508431
0.508182
0.507715
0.507243
0.507096
0.507429
0.507347
0.506732
0.50714
0.506284
0.506829
0.507507
0.507927
0.507106
0.506879
0.506681
0.506401
0.506705
0.506814
0.506913
0.505841
0.505034
0.504891
0.505218
0.505793
0.506139
0.506264
0.506239
0.505953
0.506139
0.506057
0.505681
0.505262
0.505385
0.505294
0.505075
0.504901
0.504658
0.504585
0.505314
0.505202
0.505059
0.505434
0.505472
0.50529
0.504895
0.504907
0.504723
0.504694
0.50439
0.504593
0.504515
0.504773
0.504765
0.505321
0.505973
0.506358
0.506688
0.506982
0.507085
0.507031
0.507411
0.507384
0.507327
0.507346
0.507417
0.507376
0.507521
0.508075
0.508158
0.508074
0.508134
0.508346
0.508314
0.50856
0.508651
0.50874
0.508666
0.509311
0.509263
0.509567
0.509911
0.509788
0.510192
0.510356
0.510403
0.510469
0.510517
0.510316
0.510424
0.510426
0.510546
0.510776
0.510978
0.51084
0.510749
0.510596
0.510406
0.510634
0.510829
0.510999
0.511367
0.511276
0.51118
0.511403
0.511594
0.511265
0.511375
0.511502
0.511362
0.511133
0.51105
0.510986
0.510805
0.511049
0.511073
0.511179
0.510926
0.511014
0.51077
0.5108
0.511051
0.510957
0.51107
0.511095
0.511183
0.511164
0.511379
0.511225
0.511272
0.511253
0.511302
0.511598
0.511368
0.511348
0.511386
0.511671
0.511697
0.511557
0.511802
0.511994
0.511969
0.51183
0.511601
0.511565
