0.545833
0.336041
0.26897
0.236683
0.217287
0.204863
0.198862
0.193936
0.190275
0.19041
0.191955
0.191549
0.189802
0.192556
0.193263
0.192718
0.193408
0.19572
0.197082
0.198436
0.197898
0.197972
0.20017
0.200349
0.200834
0.201424
0.20179
0.202544
0.202688
0.20341
0.20351
0.202911
0.202994
0.203637
0.204772
0.205327
0.205388
0.206207
0.206742
0.20747
0.20712
0.20694
0.207414
0.208083
0.208289
0.208823
0.208909
0.209807
0.210425
0.211471
0.212253
0.212438
0.212863
0.213089
0.213037
0.213557
0.214032
0.214346
0.215565
0.216535
0.216622
0.217167
0.217686
0.217936
0.218019
0.218484
0.218931
0.219043
0.219504
0.220198
0.22022
0.220667
0.221465
0.222348
0.222546
0.222501
0.22264
0.222619
0.223121
0.223436
0.223751
0.224007
0.224092
0.224475
0.224805
0.224973
0.225112
0.225391
0.225857
0.226275
0.226354
0.22663
0.226814
0.227209
0.227278
0.227797
0.228365
0.228551
0.228492
