0.167308
0.0926108
0.0636483
0.0492537
0.0411835
0.0350233
0.0329986
0.0309304
0.0286922
0.028028
0.0269865
0.0259214
0.0252087
0.0250828
0.0240766
0.0232262
0.0231833
0.0230689
0.0225433
0.0222888
0.0218944
0.0220547
0.0222127
0.0226244
0.0222664
0.021907
0.0215928
0.0215455
0.0215593
0.0217075
0.0215857
0.0216531
0.0218657
0.0221388
0.0222554
0.0223195
0.0222048
0.0221959
0.0220318
0.021924
0.0217674
0.021948
0.0224131
0.0226954
0.0228565
0.0230607
0.0231274
0.0231047
0.023647
0.0237057
0.0236081
0.0239798
0.0237984
0.0236677
0.0236606
0.0238834
0.0239019
0.0240107
0.0241349
0.0241488
0.0242681
0.0243257
0.0245434
0.0249107
0.0250633
0.0253207
0.0254633
0.0257604
0.0257526
0.0259855
0.0263491
0.0265224
0.0266132
0.0268306
0.0269072
0.0268686
0.026932
0.0269117
0.0270869
0.0271253
0.0271601
0.0272423
0.0272647
0.0273931
0.0276343
0.0277824
0.0280496
0.0283226
0.0285906
0.0286652
0.0286847
0.0288892
0.0290312
0.0295053
0.0296745
0.0300045
0.0303048
0.030401
0.0304367
