0.388715
0.446841
0.43112
0.434848
0.429884
0.427149
0.422479
0.4223
0.425945
0.425327
0.432773
0.44251
0.448268
0.455866
0.45716
0.461465
0.464023
0.469236
0.474736
0.474349
0.479873
0.485258
0.48802
0.488942
0.48938
0.489808
0.491309
0.492358
0.493384
0.494668
0.495472
0.495662
0.495928
0.495338
0.495693
0.49507
0.496016
0.495645
0.495728
0.496024
0.495968
0.497292
0.497921
0.499209
0.50111
0.501908
0.502444
0.503304
0.504196
0.503628
0.503082
0.503341
0.5045
0.504947
0.505981
0.506836
0.507552
0.507703
0.507575
0.507881
0.508838
0.509195
0.50919
0.509422
0.510519
0.510291
0.511163
0.511762
0.511375
0.511737
0.511337
0.511301
0.511998
0.512203
0.511952
0.511809
0.511753
0.512382
0.512473
0.512468
0.512975
0.513736
0.513824
0.514795
0.515454
0.516082
0.515948
0.515912
0.516414
