0
0.0244151
0.0430108
0.0475719
0.0517991
0.0592323
0.0678977
0.0739821
0.0765508
0.0801028
0.0845201
0.0881739
0.0891365
0.094366
0.0978341
0.100534
0.102022
0.105861
0.106111
0.110095
0.113315
0.115275
0.11741
0.120586
0.122835
0.125347
0.126897
0.1282
0.131097
0.133583
0.1358
0.137179
0.138194
0.140703
0.142686
0.144597
0.146946
0.149329
0.151046
0.153463
0.155006
0.15662
0.158713
0.160446
0.162428
0.16337
0.165059
0.167305
0.168057
0.169079
0.170502
0.172004
0.173448
0.175385
0.176816
0.178393
0.178623
0.179473
0.180112
0.181418
0.183214
0.184726
0.185548
0.186656
0.187516
0.188418
0.189206
0.190029
0.191266
0.192217
0.192776
0.193749
0.194769
0.195811
0.196843
0.198178
0.199356
0.200599
0.201769
0.202594
0.203802
0.204816
0.205772
0.206826
0.207764
0.208494
0.209254
0.210596
0.21128
0.212267
0.213111
0.213953
0.214986
0.215587
0.216674
0.217421
0.21832
0.218998
0.219428
0.220283
0.220901
0.221681
0.221994
0.223213
0.22384
0.224545
0.225054
0.225524
0.226563
0.227769
0.22865
0.22933
0.229914
0.230648
0.231349
0.232116
0.233169
0.233534
0.234492
0.235348
0.236366
0.236708
0.237434
0.238114
0.238775
0.239315
0.239519
0.240264
0.24059
0.240926
0.241584
0.242553
0.24302
0.24375
0.244197
0.2448
0.244921
0.245296
0.245848
0.246351
0.247159
0.247656
0.247903
0.248419
0.248813
0.249549
0.250177
0.250592
0.251153
0.25201
0.252549
0.253247
0.253981
0.254524
0.254862
0.255331
0.255673
0.256373
0.256861
0.257096
0.257568
0.25821
0.258677
0.259201
0.259687
0.260423
0.261005
0.261211
0.261885
0.262384
0.262651
0.263154
0.263734
0.264175
0.264468
0.264867
0.265306
0.265487
0.265861
0.266331
0.267031
0.267372
0.267892
0.268287
0.268866
0.269381
0.269832
0.270501
0.270586
0.270897
0.271227
0.271612
0.271957
0.272152
0.272734
0.273305
0.273514
0.274107
0.274437
