0.0195312
0.185841
0.244048
0.258829
0.270741
0.279382
0.287069
0.296576
0.303996
0.310073
0.311871
0.315365
0.321006
0.321446
0.326005
0.324971
0.327975
0.330839
0.332956
0.333011
0.333761
0.336621
0.336438
0.339398
0.340473
0.342631
0.344349
0.347465
0.3498
0.352409
0.353537
0.355161
0.356781
0.358117
0.358733
0.35988
0.362674
0.3637
0.364892
0.365215
0.366097
0.367274
0.367542
0.368431
0.368048
0.368942
0.370336
0.370385
0.370173
0.371279
0.372671
0.373096
0.374262
0.375165
0.376201
0.377048
0.37792
0.378299
0.378945
0.379514
0.380255
0.381012
0.381618
0.381606
0.381585
0.381988
0.382903
0.383383
0.38478
0.385298
0.386113
0.386956
0.387357
0.387805
0.388304
0.388895
0.389666
0.390536
0.390948
0.391366
0.392232
0.392967
0.39352
0.394175
0.394551
0.39537
0.396522
0.397025
0.397793
0.397975
0.398078
0.399108
0.399595
0.400012
0.400829
0.401643
0.402221
0.402129
0.402519
0.403283
0.404011
0.404325
0.404614
0.404975
0.405543
0.406374
0.406741
0.407559
0.407598
0.407875
0.407892
0.40815
0.408536
0.408982
0.409374
0.409584
0.410518
0.410725
0.410574
0.411558
0.411894
0.412146
0.412852
0.41323
0.413844
0.413963
0.414522
0.414796
0.415451
0.415939
0.416377
0.416497
0.416857
0.41728
0.418054
0.418149
0.418477
0.418881
0.419119
0.419477
0.419852
0.420142
0.42061
0.420865
0.421012
0.421241
0.421696
0.421843
0.422085
0.422345
0.422543
0.422725
0.422899
0.423568
0.423869
0.424192
0.424473
0.424876
0.4254
0.425492
0.425449
0.425893
0.426355
0.426522
0.42678
0.427053
0.427448
0.427705
0.427951
0.428173
0.428316
0.428905
0.429553
0.429863
0.430072
0.43035
0.430706
0.431241
0.431352
0.431636
0.431785
0.431787
0.43228
0.432467
0.432786
0.433145
0.433531
0.433832
0.434005
0.434235
0.434593
0.434697
0.434866
0.435418
0.435744
0.435917
0.436343
0.436425
0.436711
