0.503049
0.493994
0.499487
0.503067
0.506799
0.509784
0.517811
0.513841
0.506886
0.50574
0.50465
0.507917
0.504502
0.503107
0.5013
0.503765
0.50741
0.509164
0.509198
0.510635
0.510721
0.509893
0.507678
0.508922
0.509976
0.508774
0.509911
0.510937
0.51021
0.510346
0.510657
0.510208
0.509372
0.509228
0.509484
0.509179
0.509945
0.508526
0.508164
0.509437
0.508786
0.507867
0.5079
0.508131
0.507815
0.507648
0.507234
0.508216
0.506942
0.50792
0.50857
0.508515
0.508622
0.508102
0.507797
0.507788
0.507776
0.507944
0.508138
0.507547
0.507625
0.50706
0.506752
0.507252
0.507435
0.50693
0.506987
0.506712
0.506568
0.506517
0.506596
0.506609
0.506331
0.506459
0.506589
0.506741
0.506572
0.506259
0.506542
0.50708
0.506701
0.506673
0.506921
0.506335
0.506546
0.506457
0.506474
0.506812
0.505923
0.506474
0.506254
0.506594
0.507041
0.507416
0.507627
0.507349
0.507107
0.507029
0.507304
0.507543
0.507383
0.507389
0.507173
0.508033
0.507801
0.507726
0.508073
0.508089
0.50832
0.508687
0.508549
0.508405
0.508328
0.508701
0.508566
0.508659
0.509019
0.508959
0.50888
0.508982
0.509266
0.509204
0.508869
0.509106
0.50906
0.509307
0.509692
0.509862
0.51014
0.509822
0.509644
0.509506
0.509388
0.509149
0.509397
0.509054
0.508883
0.508744
0.508963
0.508623
0.508659
0.509001
0.509106
0.509166
0.509249
0.509258
0.509077
0.50922
0.509475
0.509455
0.509746
0.509799
0.509972
0.509808
0.509635
0.509515
0.509553
0.509771
0.509748
0.509471
0.509232
0.509535
0.509218
0.509008
0.509144
0.50957
0.509527
0.509473
0.509807
0.509719
0.509938
0.510453
0.510348
0.510572
0.510797
0.51076
0.510702
0.510726
0.510944
0.510949
0.510918
0.510759
0.510812
0.510731
0.510661
0.510772
0.511091
0.511142
0.511151
