0.256619
0.356643
0.405496
0.44173
0.463464
0.475871
0.490534
0.499748
0.504252
0.511586
0.513682
0.514638
0.517803
0.519936
0.522885
0.52396
0.523907
0.52604
0.526726
0.528551
0.530238
0.532141
0.534531
0.534355
0.534785
0.536602
0.537669
0.538687
0.538857
0.540575
0.541461
0.54282
0.543636
0.543689
0.543397
0.544319
0.544107
0.544017
0.543265
0.543998
0.543866
0.543057
0.54335
0.543958
0.545291
0.545508
0.545491
0.545301
0.546356
0.545969
0.546334
0.546257
0.546103
0.546101
0.546768
0.547578
0.548176
0.547811
0.547695
0.547766
0.548079
0.548263
0.54885
0.549604
0.549863
0.550771
0.551627
0.551361
0.551173
0.550991
0.551129
0.55153
0.551817
0.551858
0.552072
0.552259
0.552616
0.552454
0.552293
0.552721
0.552661
0.553283
0.553425
0.553382
0.553855
0.554008
0.554069
0.554113
0.554403
0.554947
0.555303
0.555299
0.555386
0.555381
0.555083
0.555608
0.555719
0.555811
0.55578
