0.0943026
0.23023
0.307692
0.35086
0.378518
0.392573
0.402106
0.40997
0.421668
0.42426
0.427933
0.430322
0.432786
0.435821
0.438209
0.440057
0.442522
0.443243
0.444736
0.445746
0.447175
0.448535
0.449947
0.451223
0.451668
0.454089
0.455159
0.455778
0.455484
0.455576
0.457183
0.458867
0.461447
0.461004
0.461463
0.461731
0.462588
0.464211
0.464315
0.465816
0.466938
0.466709
0.467325
0.468177
0.469202
0.469317
0.470254
0.470822
0.470884
0.47166
0.472544
0.472587
0.472975
0.47288
0.473288
0.473508
0.473344
0.473832
0.473741
0.473967
0.473243
0.473103
0.47314
0.472978
0.472939
0.473695
0.474353
0.474823
0.475145
0.475213
0.475027
0.474985
0.474694
0.474654
0.474971
0.475664
0.475847
0.476603
0.47635
0.476111
0.476351
0.476227
0.476735
0.47691
0.476848
0.476642
0.477025
0.477575
0.477439
0.478039
0.478396
0.478226
0.478756
0.479343
0.479945
0.479845
0.479271
0.479924
0.480333
