0.577039
0.571429
0.554788
0.543284
0.536791
0.534491
0.531581
0.528846
0.527201
0.526441
0.526244
0.530673
0.533762
0.534943
0.532163
0.529935
0.52887
0.528473
0.528382
0.527807
0.526673
0.526834
0.526671
0.527162
0.526655
0.526853
0.526991
0.528216
0.527549
0.526431
0.526417
0.526193
0.527732
0.527308
0.527775
0.528652
0.526909
0.527258
0.527062
0.528201
0.528658
0.528125
0.528159
0.528414
0.528148
0.527639
0.529116
0.529031
0.528898
0.528373
0.528684
0.528343
0.528028
0.528164
0.528487
0.527689
0.52802
0.52772
0.528282
0.528375
0.528649
0.529042
0.529121
0.529762
0.529569
0.52996
0.53042
0.530954
0.530987
0.530493
0.529985
0.529622
0.529156
0.529481
0.529473
0.529224
0.529627
0.52933
0.52966
0.529381
0.529462
0.529056
0.52938
0.529275
0.528795
0.529225
0.529659
0.529366
0.528799
