0.288306
0.186424
0.162869
0.161178
0.161977
0.169554
0.169116
0.175403
0.176825
0.180611
0.184809
0.186342
0.189581
0.187076
0.189991
0.189864
0.19212
0.195008
0.197013
0.196825
0.198483
0.199181
0.201195
0.204625
0.207266
0.209901
0.21189
0.213255
0.214109
0.215862
0.217795
0.218742
0.218031
0.219279
0.221127
0.221713
0.221416
0.22162
0.222177
0.221874
0.223032
0.224061
0.224481
0.225369
0.226283
0.225918
0.227179
0.227026
0.227937
0.228631
0.22908
0.229469
0.230975
0.231338
0.232611
0.233227
0.232674
0.233455
0.233103
0.233307
0.234764
0.235307
0.235398
0.23494
0.235123
0.236172
0.236174
0.23717
0.237951
0.238421
0.238138
0.23852
0.23863
0.238994
0.239235
0.239552
0.239437
0.239894
0.239603
0.239117
0.239765
0.239856
0.240082
0.240356
0.240448
0.240836
0.241846
0.242549
0.24282
0.243125
0.243179
0.243429
0.243736
0.243578
0.243719
0.243706
0.244189
0.243851
0.2445
