0.513889
0.342547
0.299072
0.283066
0.276274
0.281521
0.28195
0.289683
0.290865
0.294352
0.29381
0.292997
0.294618
0.292003
0.293941
0.29447
0.295999
0.297734
0.300786
0.302195
0.303841
0.304778
0.305219
0.306687
0.309715
0.31063
0.311226
0.313437
0.314879
0.31669
0.317897
0.317872
0.318466
0.320634
0.32212
0.323223
0.324438
0.323716
0.325367
0.326312
0.325865
0.325959
0.325695
0.326765
0.326597
0.326716
0.326802
0.327013
0.328128
0.32817
0.328098
0.328997
0.329723
0.329853
0.330229
0.330524
0.331344
0.331901
0.332879
0.333519
0.334458
0.334757
0.335593
0.336057
0.335773
0.33564
0.33533
0.336335
0.337859
0.338162
0.338349
0.338267
0.338743
0.33922
0.339309
0.339179
0.339049
0.339643
0.339338
0.339446
0.339727
0.340551
0.340479
0.340803
0.341139
0.341523
0.34173
0.34265
0.343407
0.343918
0.344166
0.344013
0.344283
0.34441
0.344658
0.344636
0.344844
0.344974
0.344927
