0.359281
0.347892
0.339051
0.322388
0.3269
0.326427
0.325044
0.323954
0.323489
0.321048
0.326171
0.323337
0.326977
0.327351
0.327489
0.326218
0.32616
0.327702
0.328966
0.32879
0.331664
0.33516
0.335075
0.338409
0.341137
0.340297
0.340248
0.340215
0.3418
0.341879
0.339922
0.341408
0.340096
0.340219
0.340683
0.340763
0.341136
0.340547
0.340209
0.338778
0.338518
0.338945
0.339327
0.337802
0.338129
0.338504
0.337046
0.33853
0.337279
0.337159
0.337219
0.336852
0.335502
0.335277
0.335461
0.336246
0.335142
0.335419
0.335976
0.335779
0.336118
0.337283
0.337631
0.337707
0.337532
0.336892
0.336779
0.337627
0.336609
0.335504
0.336345
0.33762
0.337092
0.337135
0.336803
0.337387
0.337651
0.33743
0.337151
0.336011
0.335349
0.335444
0.33585
0.335181
0.334622
0.33456
0.334706
0.334182
0.334486
