0.312377
0.323439
0.334688
0.34488
0.343074
0.359339
0.363043
0.364153
0.363273
0.359459
0.361674
0.363524
0.36843
0.372229
0.3741
0.377568
0.378135
0.381704
0.383402
0.383623
0.386274
0.390021
0.393302
0.396266
0.398077
0.401203
0.403194
0.405144
0.407198
0.408923
0.410705
0.412501
0.414723
0.416936
0.418174
0.419799
0.421056
0.422131
0.424247
0.424892
0.426409
0.427175
0.428974
0.430516
0.431278
0.431824
0.432594
0.434273
0.434359
0.435246
0.436323
0.437404
0.439089
0.439867
0.441802
0.442821
0.4436
0.444317
0.44557
0.446955
0.448161
0.448505
0.449091
0.449338
0.449221
0.450155
0.450959
0.451296
0.451966
0.452642
0.453139
0.453897
0.454721
0.455485
0.456552
0.456695
0.456794
0.457485
0.45775
0.458175
0.458763
0.459453
0.460001
0.460746
0.461302
0.461831
0.46213
0.462855
0.463491
0.464621
0.464766
0.465412
0.466188
0.466857
0.467742
0.468119
0.468503
0.468796
0.469479
