0.268839
0.202346
0.192257
0.195219
0.195843
0.205378
0.208801
0.22225
0.227566
0.232656
0.238122
0.240383
0.2447
0.248346
0.254611
0.25761
0.259375
0.263137
0.265487
0.269566
0.273836
0.277599
0.279996
0.284789
0.288372
0.290953
0.293789
0.29629
0.298632
0.299011
0.301194
0.303191
0.305617
0.307043
0.309859
0.311692
0.313864
0.316413
0.318801
0.320501
0.321784
0.324035
0.326424
0.327816
0.330225
0.331965
0.334004
0.335588
0.337223
0.338473
0.339533
0.339855
0.340846
0.341711
0.343547
0.345562
0.346542
0.347188
0.347384
0.349193
0.349894
0.350987
0.351685
0.352282
0.35333
0.354281
0.355153
0.355713
0.357439
0.357915
0.358451
0.359111
0.360009
0.360695
0.361663
0.362939
0.364056
0.364841
0.365652
0.366773
0.368326
0.368865
0.370201
0.371452
0.372168
0.372393
0.373297
0.373508
0.373921
0.374851
0.375377
0.375727
0.375769
0.375738
0.37642
0.377037
0.377899
0.378976
0.379776
