0.489914
0.517986
0.5
0.49925
0.4979
0.487768
0.491634
0.493253
0.494645
0.496256
0.496602
0.500752
0.499537
0.50108
0.505439
0.504244
0.501959
0.504279
0.504691
0.504898
0.50504
0.505968
0.5053
0.506655
0.506787
0.506582
0.504553
0.503375
0.503211
0.50175
0.502278
0.503145
0.505411
0.505829
0.507815
0.506627
0.506974
0.50864
0.508941
0.508906
0.509226
0.509262
0.509545
0.51057
0.509605
0.509897
0.510032
0.510377
0.509518
0.509721
0.509919
0.509046
0.50906
0.508024
0.508133
0.507954
0.508681
0.508452
0.508642
0.508391
0.508846
0.51008
0.510637
0.511104
0.511647
0.51149
0.511362
0.511404
0.511458
0.511297
0.511168
0.511055
0.511149
0.511422
0.511993
0.511553
0.512265
0.512106
0.512206
0.511646
0.511615
0.511706
0.511693
0.5122
0.512313
0.512298
0.512877
0.512396
0.512362
