0.0124224
0.264271
0.36708
0.408718
0.436711
0.449378
0.462132
0.477284
0.485816
0.493219
0.497941
0.502546
0.506394
0.512092
0.514912
0.51845
0.521816
0.525571
0.529265
0.531668
0.535006
0.538334
0.54172
0.541726
0.544798
0.546055
0.54827
0.550378
0.552948
0.554999
0.556915
0.558005
0.558662
0.560171
0.561513
0.563944
0.565245
0.56551
0.566884
0.568224
0.569601
0.570039
0.571776
0.573165
0.574704
0.575747
0.577381
0.578056
0.579012
0.580714
0.581717
0.58311
0.584439
0.58571
0.586644
0.58725
0.58821
0.589276
0.589519
0.590068
0.590377
0.591194
0.592609
0.593487
0.595112
0.596183
0.597683
0.598996
0.600284
0.600472
0.601848
0.602666
0.603682
0.603631
0.60452
0.605641
0.60624
0.606883
0.6079
0.60859
0.609131
0.609464
0.610258
0.611279
0.612275
0.612653
0.613399
0.613582
0.614116
0.615055
0.615831
0.616247
0.617172
0.617792
0.618702
0.619666
0.620337
0.621057
0.621304
0.621705
0.621805
0.622171
0.622688
0.623166
0.623427
0.623984
0.624361
0.624785
0.625089
0.625274
0.625359
0.626297
0.626575
0.626684
0.626588
0.627267
0.627782
0.628586
0.629065
0.62931
0.629724
0.630306
0.630798
0.631287
0.631464
0.631626
0.632181
0.632329
0.632605
0.633231
0.633468
0.633705
0.633889
0.634282
0.634946
0.635478
0.63616
0.636501
0.637097
0.637449
0.637868
0.638071
0.638903
0.639252
0.639673
0.640241
0.640691
0.641172
0.64153
0.641812
0.642127
0.64247
0.642944
0.643359
0.64388
0.644367
0.644536
0.644946
0.645111
0.645602
0.645955
0.64619
0.646463
0.647088
0.647426
0.64786
0.64817
0.648685
0.649004
0.649274
0.649585
0.649786
0.650127
0.650424
0.650806
0.651379
0.651696
0.651684
0.651604
0.651846
0.652191
0.652583
0.652763
0.653176
0.653385
0.653603
0.6539
0.65409
0.654297
0.654417
0.654603
0.65492
0.655151
0.655589
0.656006
0.656366
0.656578
0.656721
0.657086
