0
0.0388994
0.0613695
0.0697561
0.079827
0.090849
0.0956869
0.10641
0.110963
0.118131
0.124906
0.130742
0.136098
0.141318
0.141866
0.148546
0.152806
0.157137
0.162671
0.165137
0.169983
0.173001
0.176909
0.179969
0.183537
0.185842
0.187411
0.190969
0.194489
0.198382
0.199713
0.202794
0.205354
0.2075
0.209235
0.211716
0.215299
0.218974
0.22117
0.223325
0.224862
0.227138
0.228731
0.231731
0.233512
0.235917
0.23857
0.241028
0.24236
0.244104
0.24642
0.248162
0.249922
0.252067
0.254557
0.255875
0.25814
0.260595
0.262134
0.264359
0.265363
0.267088
0.268729
0.27013
0.271764
0.273169
0.274591
0.276244
0.27808
0.279649
0.28083
0.282839
0.284851
0.286144
0.288638
0.289743
0.291981
0.293109
0.294603
0.296406
0.297661
0.29886
0.300072
0.301802
0.303039
0.303939
0.305148
0.306951
0.308315
0.310071
0.311641
0.312575
0.313589
0.314455
0.315856
0.317341
0.318816
0.32001
0.320672
0.322004
0.322981
0.32377
0.324801
0.325588
0.326463
0.327642
0.32931
0.330344
0.331362
0.332439
0.333712
0.334861
0.336261
0.337217
0.338034
0.339004
0.339817
0.340644
0.341645
0.342349
0.343599
0.344389
0.345502
0.346414
0.347349
0.348254
0.349222
0.350383
0.351412
0.352528
0.353672
0.354222
0.355189
0.355928
0.356816
0.35771
0.358297
0.358888
0.359632
0.360849
0.36144
0.362298
0.363193
0.363978
0.364899
0.365365
0.365976
0.366911
0.367727
0.368318
0.369045
0.369992
0.370792
0.371429
0.372015
0.372805
0.373325
0.373893
0.374673
0.375431
0.376099
0.376964
0.377453
0.378241
0.379126
0.380034
0.380853
0.38135
0.38224
0.382691
0.383428
0.384204
0.384763
0.385471
0.38617
0.386881
0.387779
0.388372
0.389134
0.389993
0.390679
0.39146
0.392112
0.392797
0.39346
0.394016
0.39454
0.395389
0.396238
0.397133
0.397529
0.398124
0.398798
0.399435
0.40012
0.400886
0.401394
0.401914
0.402702
