0.610063
0.618605
0.627255
0.646212
0.6472
0.647745
0.656073
0.659631
0.664669
0.66458
0.666667
0.667829
0.671346
0.672817
0.67525
0.676773
0.676284
0.675475
0.675633
0.677679
0.679082
0.678108
0.679409
0.681033
0.681057
0.680841
0.680408
0.680304
0.679154
0.679373
0.679116
0.680101
0.680598
0.680752
0.680744
0.680179
0.680119
0.679918
0.68038
0.68154
0.68216
0.681734
0.682182
0.682331
0.682147
0.681857
0.682495
0.683068
0.683329
0.682543
0.683093
0.683161
0.683685
0.684213
0.684602
0.68484
0.68418
0.684395
0.683321
0.683399
0.683433
0.683366
0.683015
0.682515
0.682316
0.681831
0.682073
0.681836
0.681729
0.68175
0.680851
0.680997
0.681189
0.681221
0.681434
0.680549
0.680961
0.680999
0.681265
0.681125
0.681346
0.681388
0.681275
0.681368
0.681581
0.681812
0.681348
0.681632
0.682257
0.682377
0.682557
0.682618
0.683151
0.682979
0.683428
0.683608
0.683555
0.683342
0.682953
0.68275
0.682744
0.683081
0.683559
0.683609
0.683566
0.683397
0.683292
0.683098
0.683296
0.683006
0.683365
0.683449
0.683334
0.683412
0.683699
0.683952
0.684
0.683841
0.683835
0.683555
0.683325
0.683342
0.683567
0.68368
0.683408
0.683815
0.683564
0.683326
0.683476
0.6838
0.683868
0.683779
0.683905
0.683896
0.684004
0.684122
0.684159
0.684338
0.684367
0.684355
0.684607
0.684649
0.684935
0.684806
0.684866
0.684774
0.684701
0.68454
0.684229
0.684233
0.684539
0.684531
0.684489
0.684588
0.684736
0.684586
0.684286
0.684145
0.684094
0.684295
0.684224
0.684246
0.684283
0.684395
0.684282
0.684065
0.683878
0.683941
0.684101
0.684163
0.684176
0.68423
0.684188
0.684311
0.684328
0.684258
0.684184
0.683869
0.683752
0.683693
0.683515
0.683679
0.683749
0.683716
0.683456
0.683383
0.683344
0.683279
0.683458
