0.173653
0.0910872
0.0667964
0.0546608
0.0477883
0.0449623
0.0413851
0.0408968
0.0386219
0.0375123
0.0369891
0.0374499
0.0375903
0.0369447
0.0365039
0.0372468
0.0372124
0.0378238
0.0378479
0.0383383
0.0385055
0.0386905
0.0400127
0.0401845
0.0406197
0.0407122
0.0410448
0.0411765
0.0409583
0.0415704
0.0420895
0.0424203
0.0428222
0.0440735
0.0447795
0.0446461
0.0452857
0.0454768
0.0462369
0.0467602
0.0474453
0.0473482
0.0475685
0.0482657
0.0484925
0.0485659
0.0492597
0.049675
0.0499723
0.0501417
0.0509128
0.0513454
0.0517197
0.0528269
0.05336
0.0533668
0.0540972
0.0545906
0.0548723
0.0556198
0.0563977
0.0564263
0.0570143
0.0573628
0.057773
0.0578652
0.0582286
0.0584997
0.0588402
0.0594729
0.0601925
0.0606922
0.061584
0.0618373
0.0624836
0.0629029
0.0634677
0.0639491
0.0641314
0.0645719
0.0648371
0.0654583
0.0659746
0.0665024
0.0669047
0.0670319
0.0674891
0.0679787
0.0685373
0.0691006
0.0695552
0.0698048
0.0699042
0.0704353
0.0709016
0.0712209
0.0715587
0.0717694
0.0720295
