0.372745
0.257406
0.218107
0.204511
0.203809
0.205892
0.202146
0.201218
0.20144
0.202634
0.203697
0.202187
0.203751
0.206418
0.205784
0.206563
0.206768
0.207443
0.208049
0.209984
0.210673
0.212909
0.212527
0.213132
0.213128
0.213688
0.214434
0.214292
0.215368
0.21562
0.216399
0.216543
0.217598
0.218067
0.218654
0.218828
0.220181
0.220536
0.22096
0.221649
0.221953
0.222215
0.222306
0.223709
0.224358
0.225187
0.225915
0.226376
0.226016
0.226134
0.226343
0.227468
0.228088
0.228326
0.227582
0.227322
0.227472
0.228197
0.228526
0.228881
0.229227
0.229714
0.230412
0.230908
0.230779
0.230306
0.230338
0.230628
0.231167
0.231899
0.232382
0.232724
0.232968
0.232892
0.233523
0.23401
0.234235
0.234899
0.235595
0.236305
0.236453
0.237196
0.237056
0.237531
0.237842
0.238333
0.238873
0.239343
0.24032
0.240384
0.240457
0.240707
0.241209
0.241445
0.241688
0.241721
0.242132
0.242557
0.242805
