0.457971
0.482353
0.485339
0.486752
0.483146
0.48095
0.480591
0.478534
0.477083
0.476821
0.479298
0.482517
0.487726
0.486022
0.488395
0.493631
0.497541
0.498081
0.496229
0.496565
0.497434
0.499864
0.502459
0.503847
0.504956
0.506939
0.508162
0.510439
0.511847
0.512485
0.513407
0.514119
0.513601
0.514041
0.514611
0.514688
0.515644
0.514852
0.515949
0.515172
0.516382
0.51689
0.516066
0.516474
0.517059
0.517135
0.5179
0.518521
0.519192
0.520684
0.521061
0.521027
0.520878
0.520934
0.520887
0.521309
0.521739
0.521907
0.522046
0.522378
0.522254
0.522574
0.522432
0.522234
0.521933
0.521747
0.521906
0.522006
0.521651
0.521721
0.521583
0.521309
0.521688
0.522156
0.522257
0.52278
0.52294
0.522814
0.523315
0.523571
0.52352
0.522981
0.523636
0.523527
0.524054
0.523895
0.523654
0.524151
0.524052
