0.538012
0.429406
0.381295
0.351925
0.336763
0.327512
0.323471
0.314343
0.312653
0.306859
0.301773
0.302017
0.301036
0.299637
0.29814
0.298176
0.297283
0.296142
0.295267
0.294428
0.292036
0.291977
0.29096
0.289918
0.289176
0.290038
0.28915
0.290214
0.289899
0.290334
0.29097
0.290399
0.289289
0.289468
0.288843
0.290065
0.289776
0.289033
0.289242
0.289433
0.289107
0.289331
0.288326
0.288612
0.288777
0.288759
0.288047
0.288458
0.288726
0.288966
0.289619
0.289109
0.289372
0.28883
0.288862
0.290423
0.290437
0.290773
0.290489
0.290815
0.290357
0.29033
0.290856
0.291293
0.292072
0.292486
0.292372
0.293004
0.292766
0.292761
0.293537
0.293558
0.293701
0.293833
0.294027
0.294889
0.295052
0.294591
0.294644
0.294659
0.295034
0.295468
0.295519
0.295193
0.295143
0.295362
0.29542
0.29527
0.295368
0.295768
0.295727
0.295998
0.296425
0.296369
0.296778
0.297201
0.297078
0.297158
0.297344
