0.320329
0.188078
0.135282
0.106383
0.0885564
0.079258
0.0751793
0.0717859
0.0715079
0.0674112
0.0667165
0.0664551
0.0663783
0.0657729
0.064937
0.0643593
0.0647364
0.0655096
0.0657534
0.0667146
0.0674494
0.0680536
0.0684975
0.0682171
0.0680796
0.0695652
0.0700869
0.0703231
0.0708523
0.0711493
0.0717593
0.0721235
0.0720876
0.0723854
0.07251
0.0724175
0.0728585
0.0733476
0.0739515
0.073991
0.0745642
0.0750489
0.0754938
0.076108
0.076617
0.0778638
0.078746
0.0789193
0.0785648
0.0793403
0.0796357
0.0802912
0.0808169
0.0810267
0.0815812
0.0816197
0.0821386
0.0827358
0.0832405
0.083539
0.0841286
0.0845158
0.0850133
0.0854005
0.0858672
0.0863737
0.0863514
0.0869955
0.0875654
0.0880168
0.0885098
0.0889835
0.0897519
0.0906552
0.0911157
0.0917755
0.0920828
0.0926485
0.0929952
0.0934724
0.0939485
0.094271
0.0947458
0.0949206
0.0952286
0.095614
0.0961763
0.0966325
0.0973465
0.097682
0.0979989
0.0986028
0.0992785
0.0994575
0.0996507
0.100278
0.100638
0.10058
0.101082
