0.40634
0.432593
0.451645
0.445448
0.438702
0.432731
0.434395
0.430019
0.432641
0.432741
0.440165
0.443913
0.450555
0.456354
0.457884
0.458154
0.460205
0.463232
0.466825
0.467916
0.471782
0.475256
0.478465
0.478179
0.480077
0.481618
0.482674
0.485561
0.488037
0.488715
0.488747
0.489798
0.490033
0.491789
0.492117
0.493465
0.493363
0.494213
0.496521
0.496002
0.497941
0.498312
0.49804
0.498941
0.49893
0.499935
0.500639
0.500846
0.499755
0.501593
0.502122
0.502054
0.502695
0.503206
0.503728
0.50382
0.503672
0.503711
0.503827
0.503989
0.503846
0.504215
0.50472
0.505238
0.504978
0.505182
0.505369
0.505307
0.505516
0.505673
0.506277
0.506333
0.506373
0.506797
0.507944
0.507837
0.508628
0.508593
0.509069
0.509186
0.510223
0.510302
0.510781
0.511421
0.511328
0.511552
0.511922
0.511985
0.511648
