0.362
0.214712
0.177792
0.176322
0.171693
0.173562
0.170146
0.169369
0.172834
0.174845
0.174896
0.176731
0.17968
0.180939
0.183436
0.185477
0.189432
0.192233
0.194257
0.19542
0.197606
0.199422
0.200429
0.201286
0.201906
0.203822
0.204567
0.206865
0.207614
0.208908
0.210747
0.21249
0.214439
0.215636
0.2179
0.220333
0.221959
0.223711
0.225424
0.227187
0.228468
0.229411
0.230842
0.232245
0.232883
0.234312
0.235653
0.236581
0.238172
0.239185
0.240127
0.241069
0.242818
0.244006
0.244694
0.245603
0.246806
0.247135
0.248582
0.249348
0.250425
0.251163
0.25198
0.252821
0.252985
0.253465
0.254245
0.255607
0.256656
0.257811
0.257572
0.25808
0.258448
0.259367
0.25969
0.260333
0.260643
0.26086
0.262142
0.263006
0.264073
0.264348
0.265264
0.266146
0.267153
0.267895
0.268257
0.268667
0.269199
0.270128
0.270936
0.271952
0.272601
0.273424
0.274054
0.274607
0.275086
0.275538
0.276256
