0.202
0.108652
0.0847344
0.071464
0.0652606
0.0597952
0.0599486
0.0576297
0.0572766
0.0577192
0.0577927
0.0592255
0.0590577
0.0627353
0.0632893
0.063445
0.0637142
0.0646462
0.0663272
0.0672619
0.0678977
0.0682195
0.0691857
0.06893
0.0705777
0.0712155
0.0727154
0.073766
0.0748114
0.0754411
0.076904
0.078305
0.0794187
0.0809465
0.0824735
0.0842336
0.0853537
0.0868051
0.0877839
0.0886995
0.0898847
0.0905205
0.0916078
0.0924962
0.0934383
0.0942264
0.094632
0.0949771
0.0958403
0.0971323
0.0979073
0.0988153
0.100186
0.100527
0.101211
0.101642
0.102214
0.10217
0.102776
0.103589
0.104443
0.105221
0.10629
0.107342
0.108047
0.108623
0.109319
0.109476
0.110549
0.111252
0.112155
0.112888
0.113039
0.113731
0.114267
0.11492
0.11577
0.116353
0.116966
0.117715
0.118094
0.118811
0.119702
0.120368
0.121039
0.121939
0.122729
0.123089
0.123846
0.124717
0.125066
0.125723
0.126647
0.127291
0.128032
0.128711
0.129708
0.130274
0.130717
