0.509091
0.503096
0.515337
0.528073
0.526829
0.526533
0.521777
0.519894
0.516502
0.513654
0.511136
0.509506
0.507351
0.505068
0.505044
0.503301
0.503632
0.50445
0.506584
0.502777
0.501645
0.501431
0.500975
0.502115
0.504174
0.504475
0.50663
0.508572
0.510431
0.510291
0.510671
0.51047
0.509705
0.508412
0.507479
0.508212
0.506682
0.507333
0.508252
0.508988
0.509594
0.510371
0.511405
0.512744
0.512989
0.512847
0.513357
0.513618
0.514047
0.513852
0.514033
0.513739
0.513974
0.515009
0.515964
0.516172
0.515771
0.515684
0.515716
0.517
0.518169
0.517745
0.518186
0.518225
0.517575
0.517525
0.517744
0.517646
0.517322
0.517423
0.517505
0.517115
0.516901
0.517454
0.517865
0.518198
0.518634
0.519584
0.519783
0.519806
0.520084
0.520291
0.520454
0.52051
0.52025
0.520255
0.520077
0.519485
0.520257
