0.0246679
0.244976
0.286448
0.307393
0.320079
0.329609
0.343113
0.352638
0.359903
0.368785
0.368138
0.370364
0.372465
0.376055
0.37908
0.379652
0.38215
0.386693
0.388951
0.390558
0.392588
0.394618
0.397545
0.39876
0.399119
0.400329
0.401672
0.403888
0.405312
0.405857
0.406771
0.409907
0.411433
0.413401
0.415932
0.416948
0.418298
0.418872
0.419686
0.42107
0.421617
0.422777
0.42404
0.42453
0.426591
0.428361
0.428176
0.428482
0.428175
0.429031
0.428694
0.428286
0.428409
0.428513
0.428886
0.430033
0.430826
0.432081
0.432727
0.433424
0.434729
0.435106
0.436279
0.436952
0.438139
0.438813
0.43976
0.440318
0.44118
0.442438
0.442867
0.444016
0.445132
0.44592
0.446518
0.446743
0.44684
0.447431
0.44784
0.4481
0.448813
0.449484
0.450722
0.451552
0.452196
0.452924
0.453709
0.454055
0.454641
0.455242
0.455878
0.456271
0.456655
0.457004
0.457319
0.457853
0.457933
0.458545
0.459205
0.459131
0.459795
0.460155
0.461134
0.461517
0.462005
0.462282
0.463018
0.463559
0.463994
0.464506
0.464942
0.465346
0.465794
0.466222
0.466879
0.467721
0.467991
0.468921
0.469159
0.469669
0.470207
0.470698
0.471341
0.471985
0.472321
0.472455
0.472623
0.473134
0.473504
0.474273
0.475008
0.475529
0.475722
0.475876
0.476846
0.477412
0.477848
0.478181
0.478388
0.478586
0.479153
0.479604
0.480289
0.480917
0.481258
0.481884
0.482106
0.48214
0.482619
0.482859
0.483086
0.483594
0.483939
0.484232
0.48423
0.484916
0.4851
0.485654
0.485987
0.486399
0.48646
0.48692
0.487164
0.48773
0.488077
0.48845
0.488884
0.489513
0.489726
0.490109
0.490467
0.490584
0.491026
0.49141
0.491799
0.491999
0.492561
0.492911
0.493324
0.493531
0.494066
0.494417
0.494528
0.494668
0.495247
0.495546
0.495796
0.496153
0.496545
0.496955
0.497598
0.497785
0.498076
0.498342
0.498755
0.499104
0.499168
0.499453
0.499676
