0
0.0554974
0.0796951
0.104424
0.113821
0.124112
0.130956
0.140382
0.151372
0.163423
0.169257
0.172795
0.177409
0.182466
0.188308
0.190429
0.193438
0.196938
0.201252
0.204633
0.20578
0.210954
0.214585
0.216325
0.219595
0.222083
0.22476
0.227523
0.229846
0.232131
0.235007
0.238474
0.241997
0.243287
0.245618
0.248839
0.251204
0.253081
0.254907
0.2578
0.260943
0.263536
0.265861
0.268851
0.270338
0.271136
0.272832
0.275066
0.276936
0.278146
0.279697
0.281081
0.282506
0.283981
0.285665
0.288117
0.2894
0.289875
0.291369
0.292457
0.292822
0.29438
0.296013
0.296445
0.298079
0.299259
0.300789
0.30222
0.303963
0.305527
0.306119
0.306916
0.308717
0.309576
0.310906
0.311572
0.312486
0.313388
0.314349
0.314955
0.316674
0.317696
0.318475
0.319363
0.3206
0.32151
0.322332
0.323448
0.324022
0.3252
0.326219
0.327056
0.328194
0.328568
0.329504
0.330625
0.331478
0.331893
0.332405
0.333182
0.33369
0.333826
0.334615
0.335506
0.335874
0.336613
0.337231
0.337984
0.338729
0.339404
0.34021
0.34082
0.341279
0.3415
0.342302
0.343185
0.343768
0.34468
0.345583
0.34611
0.346953
0.347346
0.347565
0.34793
0.348663
0.349561
0.350515
0.35095
0.351655
0.352297
0.353237
0.353835
0.354271
0.35461
0.355159
0.355475
0.35604
0.356659
0.357388
0.357576
0.358004
0.358415
0.359038
0.359718
0.360344
0.360719
0.361263
0.361636
0.36229
0.362904
0.363582
0.363721
0.36433
0.364517
0.365046
0.365257
0.365909
0.366181
0.366669
0.367013
0.367469
0.368106
0.3686
0.36899
0.36943
0.369819
0.370193
0.370631
0.371061
0.371412
0.371501
0.371901
0.372245
0.372653
0.373103
0.373654
0.374136
0.374449
0.374842
0.375131
0.375464
0.376009
0.376296
0.376447
0.376763
0.377084
0.377426
0.377756
0.378363
0.378537
0.379056
0.379253
0.379432
0.379997
0.380339
0.380746
0.381308
0.381653
0.382011
