0.457831
0.444275
0.464688
0.470772
0.479452
0.488877
0.488646
0.489305
0.489002
0.492378
0.491131
0.49443
0.493401
0.495171
0.494082
0.494723
0.496448
0.496905
0.497219
0.49774
0.496561
0.497807
0.499476
0.499308
0.49873
0.500348
0.499832
0.499676
0.500104
0.501208
0.499369
0.501222
0.50178
0.501641
0.502027
0.504111
0.503879
0.50366
0.504722
0.504453
0.504488
0.503703
0.50316
0.504094
0.504367
0.504339
0.503477
0.503998
0.504782
0.50429
0.504533
0.504651
0.506471
0.507581
0.50711
0.507871
0.508337
0.509291
0.509638
0.510107
0.5095
0.510211
0.51045
0.510478
0.510602
0.511151
0.510886
0.510453
0.511154
0.511389
0.511729
0.51102
0.511003
0.510794
0.51076
0.510517
0.511005
0.510655
0.511147
0.511112
0.511231
0.511453
0.511245
0.510889
0.510904
0.511021
0.510935
0.511029
0.511217
0.511605
0.511439
0.511415
0.510928
0.511152
0.511086
0.511003
0.510643
0.510525
0.510005
0.509549
0.509548
0.509441
0.509548
0.509496
0.509527
0.50987
0.510385
0.510888
0.51073
0.510719
0.510678
0.510353
0.510115
0.509969
0.509753
0.509643
0.509147
0.509421
0.509083
0.508736
0.508499
0.508454
0.508294
0.508193
0.508272
0.508243
0.50795
0.508357
0.508061
0.507844
0.507671
0.507654
0.50769
0.507648
0.507653
0.507755
0.507884
0.507883
0.507937
0.507992
0.508404
0.50847
0.50851
0.508452
0.508557
0.508303
0.508217
0.507936
0.508075
0.508514
0.508848
0.508638
0.50862
0.50868
0.508628
0.508426
0.508444
0.508249
0.508086
0.508243
0.508373
0.508411
0.508563
0.508764
0.508706
0.508623
0.508553
0.508493
0.50855
0.508323
0.508309
0.507854
0.507854
0.507929
0.507707
0.507424
0.507581
0.507505
0.507751
0.508116
0.508195
0.50819
0.508189
0.508185
0.507929
0.50808
0.50798
0.507745
0.507741
