0.0234375
0.192308
0.221344
0.24751
0.258861
0.266777
0.277618
0.287336
0.296987
0.304269
0.307108
0.310468
0.311774
0.315344
0.319976
0.322475
0.324357
0.326424
0.328423
0.329698
0.330449
0.33252
0.333012
0.33402
0.336384
0.336925
0.339356
0.339776
0.341374
0.34304
0.343522
0.344766
0.346078
0.346783
0.347491
0.348236
0.349947
0.349665
0.350507
0.350944
0.350933
0.351324
0.352472
0.353768
0.354468
0.355539
0.356311
0.35806
0.359196
0.360741
0.362144
0.363393
0.363115
0.363983
0.36453
0.364967
0.365012
0.36611
0.366817
0.367128
0.368232
0.369235
0.369454
0.370637
0.371891
0.372409
0.37285
0.37351
0.374156
0.374516
0.375359
0.375568
0.376394
0.377578
0.378922
0.379133
0.379215
0.380144
0.380766
0.381088
0.381936
0.382708
0.382857
0.384071
0.384901
0.384365
0.385197
0.385449
0.385616
0.386213
0.387081
0.387744
0.388242
0.389553
0.390157
0.39065
0.39134
0.391682
0.392538
0.393436
0.394345
0.394295
0.395006
0.395212
0.395573
0.395739
0.39624
0.39672
0.397268
0.397807
0.398564
0.398714
0.398994
0.399245
0.399905
0.400282
0.400467
0.401067
0.401387
0.401409
0.40156
0.401784
0.402304
0.402838
0.403019
0.403381
0.403557
0.403707
0.404296
0.404552
0.404825
0.405092
0.405818
0.405963
0.406177
0.406478
0.406768
0.407125
0.407642
0.408165
0.408556
0.409033
0.409612
0.409999
0.410333
0.410501
0.411074
0.411356
0.411662
0.411865
0.412083
0.412363
0.412698
0.413125
0.413234
0.413691
0.413865
0.414082
0.414584
0.415328
0.415734
0.415887
0.416103
0.416235
0.416628
0.416801
0.416956
0.417165
0.417485
0.417584
0.41808
0.41853
0.418692
0.419422
0.419649
0.419829
0.420039
0.420504
0.420518
0.420733
0.42091
0.421058
0.421205
0.421444
0.421664
0.421817
0.421897
0.422279
0.422971
0.423068
0.423194
0.42335
0.423677
0.423948
0.424191
0.424514
0.425046
0.425389
0.425445
