0.00409836
0.0283976
0.0357625
0.0406627
0.0474086
0.0501672
0.0578888
0.0666501
0.0720562
0.0759343
0.0803123
0.0857093
0.0904141
0.0919164
0.0947557
0.098279
0.101347
0.104104
0.107946
0.111937
0.11546
0.117829
0.118553
0.12178
0.124099
0.125254
0.127931
0.129992
0.130638
0.133008
0.134933
0.137431
0.137999
0.140061
0.141062
0.142502
0.144436
0.146392
0.148178
0.150429
0.151803
0.153474
0.155553
0.157147
0.158935
0.160489
0.161337
0.162406
0.164317
0.164742
0.165859
0.166623
0.168105
0.169815
0.171436
0.172602
0.173827
0.17555
0.177205
0.178452
0.180352
0.180935
0.182333
0.183385
0.184524
0.18562
0.186763
0.18739
0.187457
0.189101
0.18946
0.190482
0.191666
0.192783
0.193913
0.194814
0.195864
0.196881
0.197803
0.199041
0.200195
0.200978
0.202043
0.202788
0.203588
0.204445
0.205523
0.20637
0.206939
0.207628
0.208728
0.209339
0.210247
0.210714
0.211445
0.212221
0.2129
0.213154
0.214171
0.214931
0.215883
0.216262
0.21718
0.217573
0.218174
0.218701
0.219101
0.219518
0.220128
0.221193
0.221892
0.222427
0.222971
0.223717
0.224902
0.225218
0.225768
0.22661
0.22735
0.228081
0.228432
0.229363
0.230082
0.230991
0.231176
0.231445
0.232463
0.233246
0.233722
0.234244
0.234818
0.235423
0.236274
0.236905
0.237591
0.23807
0.238784
0.239432
0.239838
0.24056
0.241229
0.241884
0.242317
0.242577
0.243025
0.243438
0.243599
0.243908
0.244431
0.245069
0.245655
0.246147
0.246707
0.247377
0.247712
0.248266
0.248383
0.249298
0.249576
0.249751
0.250126
0.250747
0.251023
0.25138
0.251701
0.251862
0.252138
0.252546
0.253188
0.253491
0.254091
0.254502
0.254961
0.255647
0.255972
0.256553
0.2573
0.257769
0.257963
0.258467
0.25907
0.259576
0.259944
0.260256
0.260596
0.261092
0.26144
0.261694
0.262089
0.262509
0.262943
0.263154
0.263692
0.264188
0.264807
0.265288
0.26585
0.266427
0.266778
