0.490251
0.519708
0.516966
0.501129
0.497576
0.493909
0.499129
0.503014
0.504188
0.498188
0.493966
0.492545
0.491761
0.49266
0.494461
0.495166
0.494464
0.495029
0.495694
0.494557
0.492235
0.494787
0.494088
0.494032
0.494203
0.4942
0.494636
0.494604
0.495258
0.496924
0.497417
0.498207
0.499038
0.500178
0.500951
0.501049
0.501756
0.501951
0.502986
0.501517
0.501922
0.501482
0.501588
0.501792
0.502359
0.502735
0.502447
0.502589
0.503711
0.50445
0.503886
0.504219
0.504002
0.50479
0.505418
0.505616
0.50652
0.506818
0.506654
0.506314
0.507
0.507109
0.507244
0.507336
0.506822
0.50701
0.506997
0.507693
0.50763
0.507456
0.507954
0.507571
0.507941
0.508549
0.508094
0.508248
0.507862
0.507835
0.507778
0.508281
0.50803
0.508501
0.508466
0.509337
0.509319
0.508719
0.508912
0.508658
0.50853
0.508384
0.508338
0.507853
0.507727
0.507575
0.507085
0.506776
0.506865
0.50663
0.506542
0.506673
0.506919
0.506389
0.506265
0.506046
0.506445
0.506099
0.505719
0.505696
0.505452
0.505418
0.505533
0.505831
0.505994
0.505903
0.5064
0.5064
0.505947
0.505946
0.506098
0.506037
0.506165
0.506213
0.506615
0.50654
0.506309
0.506325
0.506215
0.506121
0.506251
0.506375
0.506303
0.506469
0.506499
0.506385
0.506483
0.50651
0.5063
0.506267
0.50629
0.506159
0.50602
0.505854
0.505583
0.505565
0.505465
0.505666
0.505463
0.505652
0.505311
0.505245
0.505348
0.505353
0.505408
0.505265
0.505416
0.50549
0.505483
0.505513
0.50546
0.505406
0.505381
0.505059
0.504971
0.505253
0.505148
0.504908
0.504698
0.504417
0.504566
0.504875
0.505144
0.505009
0.505023
0.504917
0.504723
0.504629
0.504661
0.504577
0.504802
0.504939
0.505129
0.505464
0.505399
0.505696
0.505795
0.505555
0.505646
0.505674
0.505786
