0.103093
0.101042
0.0953361
0.104835
0.106073
0.112356
0.120685
0.126106
0.129762
0.133239
0.136252
0.138178
0.139035
0.142148
0.145247
0.147928
0.15128
0.154344
0.155764
0.156953
0.158589
0.160334
0.162943
0.166246
0.168594
0.17094
0.171869
0.173203
0.174259
0.17587
0.177054
0.178124
0.178345
0.180177
0.182026
0.182454
0.183725
0.18498
0.18556
0.187093
0.187906
0.189001
0.190419
0.1909
0.19139
0.192751
0.193675
0.194978
0.196211
0.197256
0.198436
0.199146
0.200126
0.201258
0.201723
0.20286
0.204087
0.204484
0.205054
0.205642
0.20696
0.207887
0.208798
0.20963
0.210497
0.211449
0.21218
0.212944
0.213338
0.213986
0.214435
0.214212
0.214939
0.21487
0.215701
0.216313
0.216885
0.217725
0.218335
0.219102
0.219975
0.220104
0.22093
0.22176
0.221938
0.222619
0.223062
0.223628
0.223989
0.224445
0.225176
0.22581
0.226029
0.226846
0.22709
0.22768
0.228431
0.228945
0.229826
0.230198
0.230699
0.231141
0.2319
0.23262
0.232834
0.233108
0.233569
0.233858
0.23414
0.234794
0.235316
0.235746
0.236151
0.236363
0.237042
0.23748
0.237829
0.237965
0.238185
0.238465
0.238388
0.238768
0.23914
0.239173
0.239679
0.240221
0.240375
0.24103
0.241581
0.24191
0.242199
0.243103
0.243685
0.243834
0.243725
0.244111
0.244629
0.245151
0.245239
0.245828
0.246355
0.246522
0.246866
0.24715
0.247319
0.247766
0.247949
0.248409
0.248854
0.249351
0.249692
0.250019
0.250385
0.25043
0.250709
0.251139
0.250974
0.25141
0.252043
0.252289
0.252455
0.252664
0.252822
0.253009
0.253441
0.25385
0.25404
0.254142
0.254536
0.254721
0.254883
0.255057
0.25531
0.255595
0.255925
0.256008
0.256235
0.256712
0.256962
0.257263
0.257404
0.25757
0.257916
0.257962
0.258012
0.258378
0.258795
0.258801
0.258943
0.259144
0.259425
0.259668
0.25986
0.260226
0.260492
0.260655
0.260692
0.260734
0.26073
