0.015534
0.0153846
0.0129702
0.014742
0.0146245
0.0170269
0.0177315
0.0192926
0.0215954
0.0225564
0.0236631
0.0232027
0.0239163
0.0251533
0.0257139
0.026297
0.0270086
0.0278104
0.028028
0.0287184
0.0297201
0.0304377
0.0308318
0.0312274
0.0318095
0.032896
0.0340251
0.0354713
0.0365864
0.0370529
0.0380778
0.0384709
0.0396157
0.0406017
0.0418006
0.0432531
0.0445819
0.045423
0.0459294
0.0464376
0.0473814
0.0475555
0.047868
0.0482435
0.0486681
0.0491082
0.0496515
0.0503841
0.0510617
0.051296
0.0518898
0.0527722
0.0538121
0.0541087
0.0546168
0.0553682
0.0561863
0.0567154
0.0571375
0.0580861
0.0585869
0.0588314
0.0591615
0.0594894
0.0600767
0.0608542
0.0615378
0.0617854
0.0626157
0.0631099
0.063804
0.0644401
0.0649802
0.0653592
0.065633
0.0658786
0.0666109
0.0669664
0.0678749
0.0681858
0.0687227
0.0690081
0.0695381
0.0697885
0.0700918
0.0704202
0.0708314
0.0710209
0.0713265
0.0716598
0.071955
0.0726288
0.0730979
0.0732627
0.0736458
0.0739668
0.0744288
0.074794
0.0751653
0.0758892
0.076309
0.076936
0.0771618
0.0774696
0.077802
0.0782552
0.0786526
0.0786719
0.0790275
0.0793866
0.0799091
0.0805824
0.080996
0.0812601
0.0818329
0.0819688
0.0825163
0.0827746
0.0830894
0.0832634
0.0834564
0.083985
0.0843388
0.0847312
0.0850524
0.0853329
0.0857383
0.0861738
0.0867999
0.0870193
0.0871908
0.0874636
0.0876429
0.0880669
0.0884398
0.088682
0.0892446
0.0895942
0.0898895
0.0901259
0.0905482
0.0908107
0.0909755
0.0913638
0.0915556
0.091747
0.0920936
0.0921378
0.0927064
0.0930909
0.0935277
0.0939475
0.0942556
0.0945034
0.0948721
0.095102
0.0953716
0.095564
0.0958352
0.0962099
0.0965178
0.0967004
0.096881
0.0973146
0.0974614
0.0976201
0.0979405
0.0982737
0.0986135
0.098831
0.0990685
0.0992129
0.0994706
0.0998806
0.100266
0.10058
0.100984
0.101099
0.101237
0.101508
0.101938
0.102098
0.10247
0.102751
0.102903
0.103122
0.103538
0.103867
0.104226
0.104319
0.104692
0.104784
0.105159
0.105495
0.105777
0.106085
0.106432
0.106657
0.106913
