0.519663
0.509669
0.536313
0.528017
0.523041
0.525464
0.520867
0.518251
0.518841
0.526577
0.521832
0.520949
0.521186
0.514404
0.512925
0.512191
0.512254
0.511726
0.511721
0.511458
0.512467
0.514027
0.515681
0.515407
0.515947
0.515724
0.517358
0.518331
0.520045
0.519363
0.519924
0.519091
0.519025
0.518287
0.518824
0.519699
0.521264
0.520579
0.520568
0.519491
0.519388
0.518903
0.519139
0.51935
0.519541
0.519297
0.519805
0.519799
0.520558
0.520689
0.521008
0.522007
0.521455
0.521381
0.520829
0.520907
0.521911
0.521844
0.521938
0.52155
0.521348
0.520675
0.5207
0.519603
0.519929
0.519638
0.519574
0.520488
0.520522
0.520993
0.521595
0.521924
0.522147
0.522598
0.522768
0.522997
0.523048
0.523476
0.523849
0.52379
0.523631
0.523392
0.52296
0.522661
0.522405
0.522043
0.522228
0.522544
0.521905
0.52179
0.522162
0.522779
0.522492
0.522847
0.523231
0.522834
0.522571
0.522423
0.522598
0.522918
0.522795
0.522471
0.522608
0.522578
0.522855
0.522757
0.522619
0.522512
0.522766
0.522957
0.522881
0.522803
0.522829
0.522833
0.522932
0.523053
0.523057
0.523286
0.523207
0.523505
0.523605
0.523404
0.523416
0.523162
0.523172
0.522956
0.523235
0.523222
0.523181
0.52299
0.522944
0.523019
0.523295
0.523042
0.52297
0.523102
0.523278
0.523258
0.523165
0.52333
0.523851
0.523941
0.523718
0.524108
0.523842
0.523869
0.523942
0.523912
0.523579
0.523627
0.523437
0.52376
0.523734
0.523637
0.523803
0.52367
0.5236
0.523313
0.523293
0.523003
0.523402
0.523239
0.523243
0.522959
0.522754
0.522852
0.522737
0.522764
0.52275
0.522698
0.522643
0.5227
0.522949
0.522738
0.522688
0.522555
0.522412
0.522486
0.522504
0.522545
0.522541
0.52234
0.522413
0.522653
0.522693
0.522663
0.522524
0.522571
0.522756
