0
0.0165975
0.025856
0.0329262
0.0349916
0.0392292
0.0433636
0.0441365
0.0459219
0.0489996
0.0508281
0.052216
0.0520075
0.052809
0.0550152
0.0552094
0.0565229
0.0567385
0.0586373
0.0618306
0.0628806
0.0635135
0.0647505
0.0667504
0.06786
0.0683108
0.068698
0.0692815
0.0704113
0.0703896
0.0713925
0.0724804
0.0734333
0.0747024
0.0762686
0.0767923
0.0781712
0.0791012
0.07896
0.0802797
0.0809317
0.0821406
0.0833491
0.0838082
0.084719
0.08601
0.0870603
0.0874757
0.0881908
0.0885923
0.0889236
0.0897674
0.0903984
0.0910578
0.0914524
0.0922294
0.0932607
0.093741
0.0944471
0.0952866
0.0967169
0.0975533
0.0980807
0.0986473
0.0992497
0.099962
0.10085
0.101751
0.102242
0.103156
0.104051
0.104714
0.105368
0.105794
0.106424
0.107118
0.107444
0.108101
0.108668
0.109554
0.109994
0.110416
0.111005
0.111754
0.112488
0.113038
0.113452
0.114019
0.114701
0.115034
0.115367
0.115671
0.116437
0.11684
0.117327
0.117663
0.117892
0.118677
0.119178
0.119879
0.1201
0.120221
0.120682
0.121284
0.121835
0.122346
0.123156
0.123542
0.124067
0.124575
0.125254
0.125792
0.126058
0.126812
0.127595
0.12796
0.128272
0.128455
0.128867
0.129403
0.129927
0.130603
0.130851
0.131287
0.131558
0.131984
0.132499
0.132799
0.133155
0.133386
0.133932
0.134423
0.135143
0.13542
0.135747
0.135975
0.136447
0.136896
0.137415
0.13785
0.138412
0.138592
0.138828
0.139104
0.139581
0.140097
0.140415
0.14057
0.1411
0.141521
0.141984
0.14286
0.143341
0.14388
0.144199
0.144599
0.145086
0.145402
0.145781
0.146461
0.146721
0.147243
0.147538
0.147777
0.148115
0.148689
0.149062
0.149366
0.1499
0.150059
0.150622
0.150856
0.150995
0.151444
0.151738
0.152113
0.152614
0.152894
0.15326
0.153721
0.153795
0.153952
0.153949
0.154202
0.154487
0.154966
0.15553
0.155764
0.156357
0.156646
0.157095
0.157503
0.157856
0.158104
0.158361
0.158563
0.159065
0.159244
0.15942
