0.0253906
0.166023
0.213512
0.240435
0.254186
0.266968
0.269863
0.272971
0.275795
0.280282
0.281135
0.284402
0.286065
0.288841
0.289898
0.29259
0.294967
0.297653
0.300086
0.303314
0.304714
0.306721
0.306248
0.307432
0.309484
0.309709
0.310875
0.312325
0.31268
0.313892
0.314541
0.315336
0.316508
0.316982
0.317717
0.319525
0.319659
0.320888
0.320869
0.321715
0.322907
0.323391
0.323153
0.324511
0.324741
0.325879
0.326423
0.328353
0.32938
0.330355
0.330744
0.331433
0.33234
0.333266
0.334179
0.334639
0.336052
0.33656
0.336989
0.337442
0.338089
0.338666
0.338828
0.338647
0.338832
0.339196
0.33953
0.339977
0.340022
0.340636
0.341144
0.341639
0.342808
0.343299
0.344098
0.344274
0.344657
0.344943
0.345143
0.345318
0.345868
0.34616
0.345927
0.346342
0.34681
0.347035
0.348028
0.348821
0.349272
0.349719
0.350139
0.35061
0.350848
0.350843
0.351578
0.351936
0.352654
0.353166
0.353485
0.353427
0.354242
0.35444
0.354958
0.355199
0.355613
0.356124
0.35672
0.356617
0.356727
0.357025
0.357369
0.357506
0.357853
0.357968
0.35852
0.35885
0.359219
0.359504
0.359638
0.359913
0.360384
0.361016
0.361281
0.361571
0.361928
0.362237
0.362726
0.362799
0.362877
0.362986
0.36324
0.363543
0.363864
0.364299
0.364991
0.365218
0.365205
0.365683
0.365952
0.365746
0.366144
0.366603
0.366779
0.367084
0.367404
0.367525
0.367514
0.367801
0.368071
0.368359
0.368508
0.368872
0.369074
0.369313
0.369484
0.369726
0.36995
0.370299
0.370327
0.370669
0.370967
0.371173
0.371322
0.371528
0.37182
0.371977
0.372377
0.3727
0.372902
0.372897
0.373253
0.373494
0.373555
0.373494
0.373635
0.374106
0.374289
0.374589
0.374718
0.374768
0.374691
0.374726
0.374942
0.374982
0.375267
0.375242
0.375296
0.375497
0.375601
0.37592
0.376114
0.376228
0.376415
0.376525
0.376755
0.377135
0.377358
0.377586
0.377716
