0.476489
0.476408
0.482197
0.477769
0.478602
0.486097
0.494263
0.496462
0.49284
0.495501
0.498097
0.50573
0.507236
0.506846
0.505477
0.508102
0.510261
0.51056
0.510491
0.509868
0.50847
0.509298
0.51004
0.509527
0.508006
0.508931
0.510229
0.510167
0.509356
0.507452
0.505774
0.507268
0.508007
0.507204
0.507079
0.506881
0.507844
0.509138
0.509644
0.509079
0.50831
0.507354
0.508521
0.509009
0.50834
0.509193
0.50837
0.50833
0.508178
0.507393
0.507695
0.508119
0.507566
0.506533
0.506435
0.506211
0.50552
0.505222
0.50534
0.505328
0.506002
0.50606
0.50603
0.507088
0.507023
0.507786
0.507021
0.507643
0.507858
0.50856
0.508207
0.508618
0.508918
0.509326
0.509758
0.510387
0.510463
0.510173
0.510654
0.51017
0.510097
0.509762
0.509703
0.509599
0.50957
0.509685
0.509206
0.508852
0.508789
0.508415
0.508004
0.508261
0.508348
0.508354
0.508636
0.508778
0.50878
0.508388
0.50827
0.5083
0.508227
0.507982
0.50799
0.508055
0.508147
0.507656
0.507374
0.507113
0.50713
0.506958
0.507088
0.507691
0.507515
0.507716
0.507581
0.507828
0.507801
0.508041
0.507974
0.507936
0.508011
0.508104
0.508113
0.50836
0.508631
0.508806
0.50824
0.508187
0.508423
0.508405
0.508815
0.509166
0.509408
0.509486
0.509417
0.509924
0.509904
0.509825
0.509443
0.509322
0.509801
0.509418
0.509575
0.509367
0.509332
0.50902
0.509357
0.509432
0.509376
0.509534
0.509542
0.5096
0.509679
0.509896
0.510092
0.510304
0.510297
0.510306
0.510323
0.510378
0.510202
0.510035
0.510011
0.510171
0.510223
0.510087
0.510185
0.510103
0.510198
0.510099
0.510259
0.510573
0.510485
0.510875
0.5112
0.511553
0.511414
0.511624
0.511599
0.511569
0.511254
0.510935
0.510758
0.51074
0.511006
0.51081
0.510825
0.510999
0.510968
