0.0320641
0.16805
0.240906
0.287468
0.317343
0.34052
0.366432
0.378295
0.392566
0.405048
0.409629
0.415274
0.418336
0.424086
0.430884
0.436663
0.440624
0.44273
0.447586
0.451419
0.451928
0.45365
0.457177
0.460252
0.463162
0.464735
0.467307
0.470939
0.472533
0.474206
0.474862
0.476086
0.478257
0.48018
0.481655
0.482944
0.483709
0.484079
0.4849
0.48604
0.487078
0.488649
0.48917
0.489517
0.490487
0.491526
0.491781
0.492914
0.493099
0.494296
0.494345
0.495398
0.496021
0.496574
0.497609
0.498489
0.498564
0.499569
0.500448
0.501554
0.501554
0.501688
0.502306
0.503848
0.504396
0.504738
0.505905
0.506466
0.507074
0.50812
0.508423
0.508933
0.509845
0.510044
0.510541
0.51131
0.51139
0.511143
0.511504
0.512067
0.512341
0.512335
0.512606
0.512684
0.513495
0.513843
0.514491
0.514865
0.515659
0.515646
0.516105
0.516764
0.51736
0.517614
0.517635
0.517714
0.517574
0.51805
0.518257
0.51806
0.518273
0.518339
0.518364
0.518342
0.518674
0.518973
0.519113
0.519504
0.520089
0.520262
0.520455
0.520825
0.521059
0.521156
0.521463
0.522248
0.522399
0.522709
0.523078
0.523308
0.52322
0.523282
0.523503
0.523596
0.523719
0.523846
0.523781
0.523909
0.524243
0.524424
0.524301
0.525006
0.525431
0.526033
0.526115
0.526478
0.526556
0.526709
0.52658
0.526478
0.526248
0.526359
0.526374
0.526831
0.526777
0.527078
0.527292
0.527748
0.528007
0.527951
0.527891
0.528282
0.528316
0.528469
0.528547
0.528999
0.528984
0.529053
0.529229
0.529615
0.529633
0.530012
0.529964
0.530001
0.529877
0.52998
0.530052
0.529755
0.529878
0.529999
0.530212
0.530359
0.53038
0.530772
0.531003
0.531078
0.531269
0.531409
0.531633
0.531699
0.531783
0.532004
0.532307
0.532429
0.53259
0.532771
0.533001
0.533324
0.533577
0.533827
0.533958
0.533895
0.534051
0.534059
0.533997
0.534069
0.533997
0.534146
0.534098
