0.011976
0.129344
0.197019
0.238631
0.262007
0.278103
0.296152
0.312729
0.321927
0.328878
0.335485
0.344157
0.346734
0.352108
0.357101
0.359324
0.365599
0.369995
0.373369
0.375575
0.37805
0.37991
0.38342
0.386686
0.389256
0.391586
0.393855
0.393937
0.396131
0.399422
0.400662
0.403899
0.404911
0.407009
0.40825
0.410007
0.411681
0.412487
0.414665
0.415111
0.416413
0.41742
0.419159
0.420279
0.420354
0.421526
0.422179
0.422678
0.423857
0.424569
0.424846
0.426029
0.426282
0.426924
0.42722
0.428161
0.428818
0.428632
0.428824
0.429141
0.430229
0.431926
0.431968
0.433316
0.433441
0.433991
0.434542
0.435716
0.436495
0.43743
0.437967
0.438419
0.438541
0.43918
0.439259
0.439945
0.440242
0.441228
0.441459
0.442289
0.442463
0.443115
0.443267
0.443952
0.444776
0.445167
0.445383
0.445584
0.445851
0.446127
0.44642
0.446757
0.447368
0.447452
0.448255
0.448345
0.448385
0.448864
0.449468
0.449401
0.449862
0.450262
0.450402
0.4507
0.450901
0.45079
0.451221
0.451597
0.45234
0.452952
0.453207
0.453228
0.453843
0.454322
0.454545
0.454646
0.454779
0.454898
0.455044
0.455155
0.455393
0.455668
0.455748
0.455951
0.45593
0.456263
0.456769
0.45664
0.457157
0.457637
0.457424
0.457866
0.458396
0.458701
0.458697
0.458626
0.458791
0.459079
0.459431
0.459709
0.460175
0.460136
0.460068
0.460239
0.460474
0.460409
0.461004
0.46111
0.461334
0.461534
0.461872
0.461717
0.461642
0.461914
0.461744
0.462034
0.462241
0.46224
0.46244
0.462634
0.463034
0.463213
0.463235
0.463364
0.463551
0.463707
0.463661
0.463838
0.463876
0.463743
0.464127
0.464321
0.464552
0.464623
0.464821
0.464892
0.465032
0.465243
0.46532
0.465117
0.465255
0.465174
0.465339
0.465326
0.465565
0.465916
0.466134
0.466292
0.466363
0.466269
0.466277
0.466011
0.465917
0.466002
0.466132
0.466208
0.466071
0.46628
0.46642
