0.549419
0.572485
0.57185
0.575624
0.565269
0.563888
0.557252
0.555184
0.547469
0.542797
0.543602
0.539493
0.537437
0.537065
0.535893
0.534757
0.534027
0.534123
0.535325
0.538125
0.538605
0.537673
0.538421
0.536439
0.534884
0.534908
0.532095
0.531897
0.530942
0.529506
0.53001
0.529976
0.52931
0.528549
0.528498
0.528313
0.52848
0.528381
0.526905
0.526692
0.526683
0.527026
0.527236
0.52829
0.527664
0.527603
0.528168
0.528814
0.528485
0.528581
0.527925
0.527405
0.526513
0.526535
0.527872
0.528569
0.529073
0.527196
0.527535
0.527475
0.528326
0.52805
0.528083
0.52777
0.526744
0.527118
0.527943
0.527367
0.527361
0.527838
0.527267
0.52714
0.52698
0.526888
0.526866
0.526736
0.527278
0.527197
0.526936
0.526395
0.525881
0.525681
0.525396
0.525618
0.525163
0.525257
0.524788
0.524744
0.52482
0.524905
0.524837
0.524499
0.52412
0.524135
0.524185
0.52393
0.523439
0.52428
0.524482
0.524742
0.524807
0.524423
0.524761
0.524814
0.524895
0.524987
0.525628
0.525996
0.525932
0.52598
0.525975
0.526238
0.52569
0.525812
0.525475
0.525445
0.525138
0.525123
0.525094
0.524939
0.524896
0.524888
0.524547
0.524355
0.524219
0.524302
0.52445
0.524453
0.524465
0.524562
0.524391
0.524472
0.523894
0.523925
0.52391
0.524137
0.524101
0.523954
0.523885
0.524021
0.524078
0.524283
0.524137
0.524117
0.524004
0.523992
0.524151
0.524092
0.524278
0.524475
0.524409
0.524382
0.524235
0.524042
0.52407
0.524103
0.524349
0.524178
0.5241
0.524327
0.524382
0.524263
0.523735
0.523736
0.523824
0.524053
0.523798
0.523804
0.524001
0.524184
0.523959
0.523821
0.523699
0.523464
0.523457
0.523349
0.522961
0.5228
0.52277
0.522764
0.522696
0.522459
0.522251
0.522252
0.522228
0.522218
0.522198
0.522452
0.522348
