0.242485
0.148374
0.115201
0.103187
0.10048
0.101041
0.0995683
0.100804
0.101623
0.103917
0.103701
0.105959
0.107434
0.108181
0.109236
0.111318
0.11225
0.114606
0.114658
0.116324
0.117797
0.121094
0.12286
0.123756
0.125564
0.127253
0.129541
0.130948
0.132786
0.133945
0.135444
0.137007
0.13801
0.13931
0.140823
0.143265
0.145566
0.147243
0.148554
0.149258
0.151835
0.152938
0.154635
0.156097
0.157759
0.15936
0.160338
0.162633
0.163737
0.164087
0.165082
0.166016
0.166693
0.167983
0.169525
0.170737
0.170967
0.172337
0.173261
0.173714
0.174431
0.175112
0.176569
0.17775
0.178526
0.179378
0.18047
0.181329
0.18226
0.183022
0.184283
0.185378
0.186462
0.187175
0.188274
0.188753
0.189607
0.190521
0.191397
0.192042
0.192657
0.193661
0.194195
0.194619
0.195313
0.195903
0.196857
0.197179
0.198035
0.198628
0.199059
0.200265
0.201116
0.201582
0.202823
0.203499
0.203959
0.205092
0.205854
