0.145709
0.0748031
0.0554468
0.0509145
0.047562
0.0420391
0.0408511
0.0410244
0.0417499
0.0426341
0.0426531
0.0433475
0.0439579
0.0449865
0.0457477
0.0475443
0.0479564
0.0481912
0.0486155
0.050048
0.050554
0.0528713
0.0539961
0.0551132
0.0559896
0.0564829
0.0578784
0.0591079
0.0606248
0.0611999
0.0621814
0.0628204
0.0637034
0.0638183
0.0647108
0.0662213
0.0669198
0.0685458
0.069154
0.0704188
0.0720715
0.072906
0.0740648
0.0747133
0.0755981
0.0769141
0.0774761
0.0778612
0.0787681
0.0793599
0.0800577
0.0813593
0.0824854
0.0829736
0.0836705
0.0852976
0.0863834
0.0873144
0.0881774
0.0883873
0.0890909
0.0893952
0.0904638
0.0909645
0.0919378
0.0924863
0.0936706
0.0943675
0.0948657
0.0952876
0.0958131
0.0965756
0.0972057
0.0973713
0.0977044
0.0985358
0.0993387
0.100329
0.100818
0.101601
0.102657
0.103172
0.103753
0.10438
0.104778
0.105387
0.105978
0.106333
0.106838
0.107364
0.108177
0.109008
0.110097
0.110919
0.111722
0.112565
0.113112
0.11395
0.114726
