0.459155
0.476331
0.484064
0.474539
0.471698
0.475198
0.462063
0.463087
0.468647
0.469747
0.473484
0.47977
0.484267
0.488144
0.48779
0.489029
0.491585
0.490788
0.493639
0.49664
0.498435
0.498232
0.499221
0.501988
0.503215
0.503848
0.505269
0.506907
0.506152
0.50566
0.505857
0.50408
0.505063
0.505133
0.507568
0.507524
0.508243
0.507669
0.507361
0.507006
0.50758
0.508611
0.510604
0.511576
0.51207
0.512984
0.512889
0.512628
0.51261
0.513208
0.514395
0.514659
0.515352
0.515094
0.514695
0.514848
0.514397
0.513785
0.513508
0.514379
0.51454
0.515332
0.515381
0.515119
0.514811
0.514549
0.514742
0.515098
0.515656
0.516157
0.515999
0.516272
0.516238
0.516762
0.517673
0.517678
0.517363
0.517434
0.51751
0.517609
0.517803
0.518741
0.519487
0.51986
0.520243
0.520048
0.520439
0.520465
0.520939
