0.034749
0.370086
0.442257
0.473324
0.498022
0.50395
0.514681
0.526744
0.530991
0.534819
0.536409
0.539738
0.543561
0.548559
0.549212
0.550942
0.552916
0.553908
0.553102
0.553646
0.554432
0.557067
0.558194
0.558645
0.558824
0.559573
0.559844
0.560643
0.560971
0.563216
0.563011
0.563784
0.564817
0.565376
0.565495
0.566047
0.56777
0.5684
0.568786
0.569723
0.570562
0.570445
0.571455
0.572226
0.57294
0.572926
0.572907
0.57271
0.573081
0.57332
0.573074
0.572881
0.57337
0.573996
0.574434
0.575005
0.574207
0.57448
0.575157
0.574867
0.575073
0.575121
0.574527
0.574559
0.574789
0.574583
0.574892
0.575122
0.575264
0.575446
0.575347
0.575658
0.575267
0.575558
0.576065
0.576079
0.575957
0.577023
0.577024
0.577472
0.577054
0.577172
0.57746
0.577655
0.577903
0.577793
0.578003
0.578135
0.577805
0.57768
0.577402
0.577342
0.576951
0.577242
0.577045
0.576867
0.577193
0.577818
0.577417
0.57773
0.577701
0.577453
0.577498
0.577522
0.577677
0.577789
0.577953
0.578247
0.577922
0.577817
0.578255
0.578183
0.578298
0.578192
0.578815
0.578842
0.578932
0.578974
0.579207
0.578739
0.578935
0.579008
0.579045
0.5792
0.579043
0.579269
0.579503
0.579417
0.579315
0.579168
0.578869
0.57886
0.578959
0.579073
0.578948
0.579127
0.579134
0.579286
0.57936
0.579071
0.579064
0.578975
0.578936
0.578869
0.579001
0.579184
0.579338
0.579497
0.579589
0.579548
0.579428
0.579693
0.579739
0.579813
0.579672
0.579823
0.579942
0.579687
0.580045
0.580029
0.580295
0.580213
0.580742
0.58059
0.580549
0.580287
0.580568
0.580603
0.580451
0.580466
0.580841
0.580812
0.580835
0.580741
0.581022
0.580885
0.580756
0.580782
0.58066
0.580558
0.580677
0.580493
0.580593
0.580691
0.580391
0.580411
0.58065
0.580679
0.580938
0.581061
0.581093
0.58118
0.581295
0.581309
0.58158
0.581497
0.581511
0.58127
0.581346
