0.00622407
0.334378
0.418699
0.453756
0.470065
0.471641
0.480625
0.484403
0.48823
0.489961
0.49033
0.489274
0.48721
0.485646
0.486868
0.491205
0.490904
0.492283
0.491793
0.491048
0.488956
0.487827
0.487763
0.487375
0.48719
0.487267
0.487856
0.488968
0.488327
0.488607
0.488951
0.488794
0.487916
0.488302
0.487785
0.487469
0.48866
0.488263
0.487465
0.487259
0.486655
0.486259
0.486131
0.485947
0.485308
0.486312
0.486563
0.486899
0.486455
0.486651
0.486465
0.486671
0.486815
0.487316
0.487744
0.488143
0.487913
0.488336
0.488473
0.488462
0.488128
0.488001
0.48746
0.487839
0.488294
0.487924
0.488728
0.488848
0.488658
0.489064
0.48872
0.488261
0.488049
0.487931
0.488488
0.488649
0.488427
0.4886
0.489435
0.48945
0.488803
0.488677
0.488896
0.489794
0.489389
0.488943
0.488801
0.488312
0.488608
0.488481
0.48921
0.489265
0.488671
0.488829
0.488619
0.488624
0.488343
0.487876
0.487765
0.488001
0.487952
0.488175
0.4883
0.488208
0.488042
0.488434
0.488563
0.488781
0.488567
0.488772
0.488539
0.488832
0.488899
0.488852
0.489029
0.489205
0.489114
0.489089
0.489334
0.488708
0.48914
0.489188
0.489002
0.489368
0.488953
0.489061
0.489261
0.489024
0.489066
0.488792
0.488897
0.488627
0.488642
0.488852
0.488589
0.488522
0.48865
0.489045
0.489028
0.489232
0.489169
0.489559
0.489649
0.489537
0.489677
0.489561
0.48901
0.489021
0.488932
0.488915
0.488862
0.488935
0.488874
0.488916
0.488855
0.488924
0.488677
0.488895
0.488905
0.488907
0.488848
0.48911
0.489028
0.488914
0.488978
0.488779
0.488864
0.488964
0.489216
0.489079
0.488847
0.488818
0.488713
0.488795
0.488982
0.488873
0.488982
0.488864
0.489065
0.48903
0.489043
0.489028
0.488841
0.488733
0.488483
0.488622
0.488722
0.488987
0.489228
0.48888
0.48885
0.488974
0.488885
0.488796
0.488688
0.488644
0.488575
0.488792
0.488716
