0.510638
0.527166
0.524281
0.523031
0.519265
0.518186
0.523116
0.517824
0.519868
0.520715
0.517707
0.519407
0.517029
0.516259
0.51593
0.517564
0.51712
0.518488
0.516435
0.51469
0.513893
0.513817
0.511634
0.511768
0.5125
0.51421
0.51376
0.511786
0.512829
0.511689
0.512915
0.511755
0.510912
0.510265
0.509538
0.510957
0.511404
0.511106
0.512714
0.51249
0.512413
0.512321
0.513238
0.51353
0.51419
0.515328
0.515243
0.515505
0.515773
0.516425
0.516886
0.517373
0.516735
0.516607
0.516602
0.517173
0.517098
0.516776
0.516947
0.51678
0.51637
0.51557
0.516075
0.51599
0.515242
0.515273
0.514956
0.514715
0.514647
0.514744
0.515384
0.515447
0.514984
0.51577
0.516289
0.516313
0.516307
0.516799
0.516577
0.516627
0.517174
0.516494
0.516783
0.516773
0.516731
0.516892
0.516961
0.517173
0.517336
0.517487
0.517275
0.516809
0.517011
0.517434
0.51769
0.517788
0.51765
0.517622
0.517688
0.517422
0.516948
0.51698
0.517063
0.517045
0.517097
0.517328
0.517211
0.517158
0.517178
0.516811
0.516722
0.516577
0.516385
0.516384
0.516227
0.515897
0.515812
0.516095
0.516038
0.515893
0.515783
0.515645
0.515916
0.516003
0.515583
0.515648
0.515919
0.515913
0.516049
0.516165
0.516035
0.516221
0.516066
0.515862
0.515595
0.515971
0.515884
0.515994
0.51626
0.516185
0.516336
0.516366
0.516302
0.515873
0.516157
0.516297
0.516057
0.51637
0.516606
0.516623
0.516866
0.516643
0.516424
0.516231
0.516225
0.516296
0.516073
0.515891
0.515945
0.515885
0.515306
0.51531
0.515313
0.515502
0.515487
0.515371
0.51528
0.515055
0.514696
0.514696
0.514786
0.51496
0.51482
0.514819
0.514757
0.514721
0.514813
0.514934
0.514933
0.514966
0.514862
0.514883
0.515169
0.515168
0.514819
0.515019
0.51511
0.51521
0.515303
