0
0.0155602
0.0306122
0.0321593
0.035816
0.0420339
0.0451539
0.0475107
0.0506726
0.0539067
0.0586571
0.0618794
0.0638191
0.0646388
0.0651422
0.0672124
0.071213
0.074249
0.0766428
0.077955
0.0801394
0.0819361
0.0842842
0.085664
0.0860947
0.08775
0.0908408
0.0915461
0.0917601
0.0923922
0.0932777
0.0952806
0.0968073
0.0984061
0.0993164
0.101208
0.102579
0.103997
0.104879
0.106478
0.107437
0.109041
0.110577
0.111186
0.112883
0.114864
0.11624
0.117537
0.118509
0.119922
0.121418
0.123049
0.124425
0.125317
0.126472
0.127803
0.128778
0.130094
0.131141
0.13224
0.132908
0.134507
0.135273
0.136081
0.136666
0.136903
0.138096
0.139333
0.140271
0.141706
0.142587
0.143096
0.14381
0.14484
0.14578
0.146896
0.147251
0.14762
0.148716
0.149339
0.149821
0.151261
0.152268
0.152775
0.153578
0.153811
0.154799
0.154996
0.155597
0.156443
0.157199
0.157969
0.158246
0.159361
0.160164
0.160783
0.16149
0.162444
0.162588
0.162873
0.163634
0.164399
0.16495
0.165266
0.165954
0.166573
0.16699
0.16747
0.167884
0.168373
0.168949
0.169391
0.170333
0.171169
0.171906
0.172204
0.173101
0.173502
0.174131
0.174999
0.1758
0.176382
0.176807
0.177699
0.178149
0.178913
0.179581
0.180107
0.180488
0.18079
0.181211
0.182211
0.182988
0.183314
0.183819
0.184118
0.184856
0.185619
0.186179
0.186965
0.187732
0.188194
0.188824
0.189143
0.189678
0.190079
0.190521
0.190883
0.191318
0.191904
0.192025
0.192707
0.192953
0.193472
0.193843
0.19422
0.194572
0.195126
0.195594
0.196248
0.196587
0.196904
0.197312
0.197644
0.198047
0.19825
0.198846
0.199397
0.2
0.200531
0.201054
0.201651
0.20207
0.202439
0.202653
0.202842
0.2034
0.20382
0.204263
0.204649
0.205052
0.205561
0.205975
0.20624
0.2068
0.207422
0.208013
0.208568
0.209036
0.209462
0.209833
0.210297
0.210812
0.211222
0.211774
0.212204
0.212566
0.212975
0.213534
