0.0301318
0.194981
0.237908
0.254287
0.269367
0.27082
0.279024
0.284195
0.288326
0.29364
0.295972
0.293518
0.296836
0.300471
0.301926
0.304422
0.308058
0.310183
0.31158
0.312008
0.312443
0.316473
0.316911
0.317815
0.31968
0.320382
0.322566
0.322362
0.322671
0.323196
0.32389
0.324845
0.324969
0.325849
0.326975
0.327543
0.32697
0.32747
0.3284
0.3292
0.329659
0.329607
0.329346
0.330385
0.331281
0.331148
0.331417
0.331959
0.33254
0.334058
0.335204
0.336411
0.336274
0.337359
0.337243
0.338147
0.338349
0.339153
0.339954
0.340444
0.340858
0.341801
0.342672
0.343559
0.344828
0.345881
0.346242
0.346493
0.346855
0.347373
0.347764
0.347914
0.348081
0.348096
0.348688
0.349133
0.349176
0.349957
0.350616
0.351102
0.351956
0.352381
0.353277
0.354043
0.354123
0.354474
0.354607
0.354937
0.355426
0.3554
0.356022
0.356435
0.356626
0.357145
0.357432
0.357989
0.357949
0.358666
0.359212
0.359504
0.360153
0.360644
0.361172
0.361443
0.361649
0.362218
0.362521
0.363058
0.363792
0.363907
0.364378
0.364866
0.365265
0.365819
0.366227
0.366996
0.367539
0.367757
0.36823
0.36887
0.369004
0.369631
0.369697
0.369936
0.370116
0.370621
0.370679
0.371383
0.371714
0.372053
0.372486
0.37281
0.373203
0.373575
0.373942
0.374133
0.374654
0.375189
0.375156
0.375654
0.375547
0.375563
0.375904
0.376298
0.376766
0.376863
0.377238
0.377708
0.378093
0.37866
0.378924
0.378911
0.37931
0.379837
0.379825
0.380158
0.380504
0.380723
0.381085
0.381341
0.381714
0.381812
0.382275
0.382421
0.382365
0.382773
0.383008
0.383398
0.383757
0.38393
0.384076
0.38417
0.384282
0.384637
0.38509
0.38538
0.385842
0.386293
0.386457
0.386688
0.387061
0.387463
0.387665
0.388159
0.388357
0.38868
0.388753
0.389203
0.389453
0.389749
0.389888
0.390072
0.390343
0.390607
0.390711
0.391001
0.391541
0.391651
0.392156
