0.440476
0.463268
0.461229
0.471927
0.4843
0.492016
0.494688
0.49628
0.496531
0.495818
0.496751
0.500124
0.499657
0.497222
0.4975
0.497935
0.499379
0.5
0.50016
0.503553
0.505106
0.50467
0.504323
0.503767
0.504507
0.504223
0.503403
0.502802
0.503744
0.50287
0.502919
0.503779
0.502883
0.502267
0.503841
0.504109
0.504285
0.502182
0.50174
0.501812
0.503092
0.504097
0.505261
0.504901
0.504555
0.504358
0.503649
0.503227
0.503223
0.502798
0.502358
0.502426
0.502521
0.503502
0.503465
0.503773
0.503079
0.503306
0.502973
0.503476
0.503889
0.504624
0.504338
0.503708
0.503699
0.503893
0.504417
0.504752
0.505183
0.50479
0.504619
0.50523
0.504745
0.505152
0.505245
0.505578
0.505735
0.505601
0.505685
0.506314
0.506498
0.506381
0.506835
0.506952
0.507626
0.50752
0.507818
0.507661
0.50737
0.506883
0.506971
0.507026
0.50681
0.506319
0.506221
0.505937
0.506107
0.506197
0.50585
0.50602
0.505909
0.504962
0.505297
0.505332
0.505033
0.505141
0.505405
0.505633
0.505303
0.505259
0.5055
0.505571
0.505761
0.50592
0.50575
0.505797
0.505972
0.505857
0.505618
0.505333
0.505264
0.505478
0.505728
0.505596
0.505805
0.505661
0.505971
0.505983
0.505619
0.505983
0.506309
0.506502
0.506226
0.506417
0.506584
0.50609
0.505981
0.50598
0.50633
0.505931
0.505368
0.505348
0.505385
0.505325
0.505204
0.505438
0.505502
0.505558
0.505682
0.505746
0.505608
0.505719
0.505787
0.506137
0.506001
0.505991
0.506026
0.505739
0.505804
0.505917
0.505928
0.505844
0.505765
0.505686
0.505626
0.50592
0.506029
0.505931
0.505537
0.505592
0.50542
0.505424
0.505428
0.505615
0.505315
0.505004
0.504815
0.505065
0.505045
0.505194
0.504723
0.504712
0.504679
0.505
0.504775
0.504791
0.504806
0.504942
0.504753
