0
0.0658683
0.0831657
0.104418
0.116186
0.129139
0.142208
0.150664
0.151941
0.155961
0.158104
0.161726
0.165856
0.169704
0.173612
0.175804
0.179992
0.184434
0.187437
0.190493
0.193958
0.198779
0.202908
0.207057
0.210216
0.213843
0.216221
0.21802
0.220534
0.223786
0.226686
0.229079
0.23052
0.232537
0.234424
0.236345
0.238986
0.241694
0.244183
0.246416
0.249152
0.25155
0.252315
0.254755
0.257084
0.25934
0.260895
0.263033
0.264036
0.265346
0.267249
0.268294
0.269277
0.270579
0.271924
0.274628
0.275624
0.277051
0.277993
0.27864
0.279733
0.280584
0.281592
0.283014
0.284944
0.286191
0.287107
0.288385
0.289694
0.290945
0.292242
0.293332
0.294504
0.296145
0.296196
0.297338
0.298238
0.299363
0.300433
0.30133
0.302423
0.303083
0.30481
0.305952
0.307024
0.307954
0.309147
0.310035
0.310812
0.311661
0.312842
0.31347
0.314443
0.315353
0.315622
0.316272
0.317094
0.318214
0.318937
0.319641
0.32099
0.321711
0.321763
0.322522
0.323249
0.323995
0.325138
0.325794
0.326424
0.327068
0.327637
0.328634
0.329362
0.330253
0.330412
0.331386
0.332138
0.332229
0.332939
0.333748
0.334411
0.335
0.335837
0.33643
0.336915
0.337384
0.33783
0.338375
0.338836
0.339381
0.340129
0.340959
0.34181
0.342411
0.343196
0.343681
0.34391
0.344344
0.344902
0.344943
0.344992
0.345403
0.345984
0.346459
0.346767
0.347324
0.347924
0.348345
0.348863
0.34928
0.349705
0.35021
0.350589
0.35141
0.351714
0.352209
0.352598
0.353007
0.353409
0.35388
0.354353
0.354772
0.355257
0.355624
0.356162
0.356502
0.357164
0.357389
0.357938
0.358362
0.358898
0.359342
0.360034
0.360208
0.360752
0.36139
0.36153
0.361996
0.362388
0.362696
0.362865
0.363044
0.363376
0.363704
0.364003
0.364557
0.365127
0.365239
0.365417
0.36548
0.365764
0.366084
0.366357
0.366703
0.367081
0.367437
0.367676
0.3681
0.368437
