0.016129
0.280561
0.336647
0.362052
0.370208
0.381208
0.38539
0.388182
0.393758
0.397569
0.399813
0.40472
0.405768
0.406766
0.407907
0.408044
0.408794
0.411107
0.411465
0.412088
0.413578
0.415036
0.415771
0.417461
0.417719
0.418094
0.419679
0.421694
0.423175
0.424227
0.427071
0.428976
0.42983
0.431032
0.430204
0.431828
0.43335
0.434882
0.436356
0.438223
0.438575
0.439903
0.440565
0.441337
0.442537
0.443758
0.444502
0.44617
0.447461
0.448244
0.449707
0.450232
0.450931
0.451713
0.452186
0.45251
0.453498
0.453827
0.454686
0.455844
0.456582
0.457058
0.457384
0.458382
0.45924
0.460041
0.460856
0.461314
0.461925
0.462265
0.462813
0.463695
0.463945
0.464614
0.465026
0.466139
0.466547
0.467329
0.467815
0.468307
0.468995
0.469718
0.469997
0.470576
0.470906
0.471791
0.472229
0.472799
0.473381
0.473916
0.474269
0.474872
0.475138
0.475771
0.476458
0.476567
0.476958
0.477753
0.478042
0.47899
0.479268
0.479639
0.480099
0.480707
0.481339
0.48157
0.481924
0.482334
0.482738
0.483719
0.484184
0.484358
0.484955
0.48542
0.485739
0.485962
0.486349
0.486575
0.486955
0.487524
0.488037
0.488369
0.488824
0.489682
0.490202
0.49038
0.490962
0.491136
0.491484
0.491814
0.491873
0.492197
0.492503
0.49296
0.493336
0.49349
0.493514
0.493958
0.49398
0.493971
0.494536
0.494912
0.495526
0.495607
0.496057
0.496353
0.496584
0.496949
0.497164
0.497211
0.497499
0.497937
0.498341
0.49855
0.499058
0.499457
0.499786
0.500166
0.500533
0.500877
0.501271
0.501444
0.501839
0.501793
0.501853
0.502115
0.502356
0.502613
0.502885
0.503297
0.503458
0.503804
0.504129
0.504258
0.504918
0.505166
0.505278
0.505504
0.505903
0.505995
0.50631
0.506616
0.50699
0.507272
0.507622
0.507977
0.508027
0.508199
0.508576
0.508819
0.508927
0.509111
0.509516
0.509867
0.510251
0.510403
0.510427
0.510488
0.510849
