0.492877
0.496372
0.50996
0.514993
0.509851
0.507515
0.501926
0.5
0.502683
0.503918
0.509408
0.506253
0.510604
0.508333
0.509167
0.507758
0.509148
0.509814
0.51236
0.512064
0.511923
0.512432
0.512444
0.512302
0.51309
0.511379
0.512634
0.512353
0.511403
0.512095
0.511245
0.512465
0.512488
0.512805
0.514681
0.513029
0.511404
0.511391
0.512468
0.512569
0.511779
0.510091
0.510857
0.511407
0.511389
0.511596
0.512228
0.512392
0.512797
0.514133
0.514808
0.514268
0.514357
0.514145
0.514554
0.514073
0.513289
0.512989
0.512973
0.513312
0.51307
0.512911
0.512593
0.512546
0.511939
0.51109
0.511029
0.511367
0.510745
0.510219
0.509447
0.509292
0.509168
0.509597
0.509401
0.508863
0.508361
0.508581
0.508223
0.508028
0.508026
0.507765
0.508014
0.508207
0.508537
0.508825
0.508836
0.508731
0.508484
0.508218
0.507755
0.508097
0.507555
0.507475
0.507788
0.507405
0.507104
0.506913
0.506543
0.506927
0.507346
0.507495
0.507583
0.507584
0.507454
0.507784
0.507655
0.507693
0.50772
0.508287
0.508459
0.508535
0.508152
0.508252
0.508331
0.50804
0.507608
0.507944
0.507741
0.508122
0.508315
0.508239
0.508156
0.508479
0.508451
0.508832
0.508557
0.508723
0.509072
0.50918
0.509256
0.509374
0.509325
0.50932
0.509326
0.509096
0.509215
0.509201
0.508832
0.509161
0.509364
0.509533
0.509404
0.509506
0.509563
0.509617
0.509889
0.509785
0.509791
0.50994
0.509824
0.509786
0.509712
0.509676
0.509661
0.509751
0.509975
0.509963
0.510061
0.510034
0.510369
0.510343
0.510346
0.510365
0.510494
0.510536
0.510586
0.510719
0.510951
0.510858
0.511038
0.511019
0.511127
0.511145
0.51125
0.510924
0.511024
0.511023
0.511057
0.511022
0.511191
0.5112
0.511091
0.510909
0.511079
0.511134
0.511209
0.511402
0.511424
