0.548
0.324
0.22859
0.18482
0.159145
0.141959
0.130249
0.121672
0.113003
0.11005
0.108833
0.105938
0.105876
0.104973
0.103005
0.102838
0.102603
0.101779
0.101193
0.100048
0.100811
0.100246
0.100398
0.101216
0.102268
0.102425
0.102949
0.103941
0.10357
0.103363
0.104168
0.104684
0.104762
0.104912
0.105051
0.106053
0.107194
0.10718
0.107876
0.107876
0.108231
0.108862
0.109296
0.110199
0.110891
0.111333
0.111906
0.112538
0.113353
0.113548
0.114108
0.114232
0.114637
0.115381
0.115883
0.11628
0.116463
0.11765
0.118017
0.117837
0.11822
0.118436
0.118687
0.118834
0.119167
0.119733
0.119788
0.120487
0.121037
0.121234
0.121688
0.121851
0.122423
0.123267
0.12413
0.124656
0.125409
0.12569
0.125641
0.125811
0.126245
0.126602
0.127258
0.127429
0.127631
0.127796
0.12854
0.128709
0.129162
0.129316
0.129391
0.129517
0.129509
0.130463
0.130923
0.131443
0.131945
0.1322
0.132419
