0.132
0.085
0.0607287
0.0456621
0.0367825
0.0308932
0.0262932
0.0236122
0.0209915
0.0188945
0.0181064
0.0173821
0.0166052
0.0158655
0.0152223
0.0145777
0.0140289
0.0136576
0.0134764
0.0131073
0.0129615
0.012709
0.0123629
0.0121193
0.0121048
0.0120995
0.0119204
0.01183
0.011826
0.0120647
0.0120713
0.0119877
0.0116765
0.0115269
0.0114478
0.0112237
0.011119
0.0108612
0.010891
0.0107233
0.0104763
0.0104822
0.0105198
0.0105494
0.0105861
0.0106689
0.010744
0.0107181
0.010623
0.0107042
0.0107189
0.0106929
0.0105817
0.0106496
0.0107184
0.0107859
0.0108486
0.0108262
0.0108381
0.0109536
0.0109671
0.0109429
0.0109977
0.0110447
0.0110655
0.0110835
0.0110963
0.0112267
0.0114339
0.0115181
0.0115639
0.0115692
0.0116159
0.0117634
0.0118425
0.0119495
0.0120548
0.0122289
0.0121318
0.0122419
0.0123779
0.0125386
0.0125459
0.0124706
0.0124958
0.0125929
0.0125964
0.0126183
0.0126594
0.0126495
0.0125494
0.012567
0.0128651
0.0128898
0.0128213
0.0129032
0.0130445
0.0131472
0.0130852
