0.370482
0.362687
0.349176
0.342517
0.352625
0.3499
0.360069
0.354948
0.354518
0.352125
0.369
0.384578
0.393402
0.403769
0.408532
0.414816
0.42
0.425465
0.429633
0.437066
0.443249
0.446456
0.453806
0.455026
0.459129
0.462628
0.466949
0.469482
0.471692
0.474043
0.476547
0.477588
0.479106
0.481022
0.482824
0.483247
0.48492
0.486308
0.486783
0.487829
0.488639
0.489995
0.491071
0.492367
0.49277
0.493264
0.493672
0.49402
0.494562
0.494468
0.49461
0.494686
0.494869
0.495268
0.495164
0.494768
0.496075
0.495985
0.496227
0.496616
0.498176
0.498474
0.499571
0.500094
0.499746
0.500227
0.501008
0.5017
0.50276
0.502652
0.502678
0.50283
0.502093
0.502509
0.503137
0.502957
0.503614
0.504105
0.504037
0.504006
0.504416
0.504808
0.505437
0.505681
0.505437
0.506366
0.506881
0.507916
0.508329
