0.00204918
0.11245
0.16622
0.204268
0.230049
0.250763
0.272126
0.288577
0.300622
0.307892
0.317395
0.323349
0.329529
0.333962
0.339403
0.344611
0.348479
0.353963
0.356366
0.358488
0.361862
0.36677
0.369095
0.370797
0.37283
0.374027
0.377142
0.380148
0.382585
0.384185
0.386639
0.38744
0.388849
0.389078
0.390339
0.392724
0.395216
0.396443
0.398712
0.400482
0.401856
0.403529
0.404889
0.405463
0.406576
0.408227
0.410411
0.411428
0.412246
0.413418
0.414948
0.416179
0.417548
0.41774
0.418555
0.418984
0.420183
0.421298
0.421714
0.423276
0.424248
0.425279
0.426037
0.42702
0.427905
0.428517
0.428857
0.428607
0.429138
0.42998
0.430574
0.432258
0.432605
0.432861
0.433492
0.433433
0.433957
0.434698
0.435128
0.435825
0.436402
0.436581
0.436638
0.438022
0.437808
0.43861
0.439039
0.44005
0.440293
0.440732
0.441692
0.441975
0.442098
0.442558
0.443234
0.443317
0.443886
0.444021
0.444227
0.444911
0.445431
0.445702
0.446057
0.446548
0.446807
0.447211
0.447283
0.447479
0.447589
0.447791
0.448058
0.448291
0.44863
0.449293
0.449462
0.449407
0.449615
0.450074
0.450247
0.450308
0.450756
0.451289
0.45141
0.451608
0.451969
0.452032
0.452283
0.452324
0.452471
0.452638
0.453014
0.453516
0.453448
0.45395
0.453798
0.454295
0.454295
0.454408
0.45453
0.454853
0.455417
0.45545
0.455601
0.456248
0.456361
0.456446
0.45628
0.456448
0.456861
0.456691
0.456894
0.457161
0.45745
0.457698
0.457958
0.458145
0.45793
0.458184
0.458418
0.458645
0.458751
0.459028
0.459174
0.459301
0.45957
0.459758
0.460113
0.460093
0.460297
0.460278
0.460305
0.460408
0.460661
0.460828
0.46126
0.461357
0.461442
0.46132
0.461415
0.461635
0.461737
0.461743
0.46182
0.461851
0.4621
0.462103
0.462361
0.462256
0.462432
0.462581
0.462815
0.462945
0.463014
0.463153
0.46313
0.463404
0.46367
0.46373
0.464028
