0.0332031
0.171315
0.230106
0.271654
0.299921
0.319358
0.336932
0.351796
0.366993
0.378779
0.384238
0.391753
0.397148
0.404097
0.409715
0.414263
0.420302
0.424807
0.42674
0.429381
0.43438
0.436417
0.439806
0.444571
0.447656
0.450277
0.453529
0.456617
0.457606
0.458183
0.459826
0.460197
0.461599
0.464118
0.466106
0.466706
0.467877
0.468598
0.469866
0.471108
0.47275
0.474782
0.476211
0.4776
0.479804
0.480112
0.480253
0.481381
0.483236
0.484097
0.48503
0.485837
0.487136
0.488346
0.489954
0.490166
0.491575
0.492014
0.49284
0.493733
0.49449
0.495422
0.495583
0.496465
0.496449
0.497219
0.497507
0.498627
0.499515
0.49988
0.501083
0.501574
0.501937
0.502937
0.503346
0.503583
0.503668
0.503732
0.504261
0.504298
0.505239
0.505536
0.506031
0.506215
0.506998
0.507542
0.507708
0.507994
0.508687
0.509372
0.510227
0.510927
0.511073
0.511176
0.511389
0.511492
0.512522
0.512821
0.513177
0.513461
0.513584
0.514026
0.514752
0.515063
0.515195
0.515518
0.515769
0.515822
0.51621
0.516507
0.516813
0.517016
0.517637
0.517745
0.518055
0.51879
0.519209
0.519256
0.519251
0.519551
0.519834
0.520325
0.520773
0.521042
0.52113
0.521617
0.521479
0.521881
0.522072
0.522289
0.52257
0.522602
0.522959
0.523147
0.5237
0.524214
0.524397
0.52483
0.525127
0.525594
0.525512
0.525842
0.525758
0.52594
0.525913
0.526354
0.526615
0.526702
0.527163
0.527171
0.527409
0.527608
0.527649
0.527662
0.527833
0.528162
0.528445
0.528397
0.528378
0.528676
0.528578
0.528783
0.528793
0.528859
0.528912
0.529529
0.529536
0.529936
0.529983
0.53011
0.530013
0.530113
0.53018
0.53026
0.530435
0.53029
0.530472
0.530541
0.530809
0.531239
0.531268
0.531644
0.531747
0.531713
0.531789
0.531868
0.531963
0.531896
0.532045
0.532126
0.532415
0.532553
0.532787
0.532904
0.533049
0.533056
0.533197
0.533363
0.533516
