0.554517
0.541353
0.537688
0.533981
0.526032
0.528628
0.525409
0.521371
0.521882
0.519858
0.516851
0.517089
0.515186
0.517759
0.516568
0.516289
0.516821
0.516702
0.516501
0.517614
0.518157
0.519277
0.521453
0.520975
0.521837
0.523079
0.521835
0.522445
0.522225
0.521356
0.521453
0.520827
0.52189
0.522073
0.522948
0.522653
0.522452
0.523237
0.52327
0.522601
0.521886
0.522365
0.522958
0.522872
0.522914
0.523188
0.522367
0.521641
0.521352
0.521459
0.521749
0.522993
0.523514
0.523308
0.522934
0.522958
0.523799
0.523099
0.523571
0.523908
0.522985
0.523388
0.522887
0.522617
0.522423
0.522753
0.522432
0.522223
0.52241
0.52216
0.522264
0.521934
0.521581
0.521688
0.521452
0.520995
0.520723
0.520958
0.520878
0.520984
0.52066
0.519953
0.519923
0.519856
0.520074
0.520032
0.520165
0.519845
0.520301
0.520291
0.520176
0.519875
0.519704
0.519472
0.519733
0.519495
0.519639
0.519508
0.519906
0.520117
0.520035
0.520372
0.520754
0.520887
0.521748
0.521889
0.522334
0.522536
0.52275
0.522798
0.522624
0.52299
0.522957
0.523281
0.52317
0.523641
0.523631
0.523595
0.523463
0.523761
0.523934
0.523844
0.523341
0.523279
0.523439
0.523402
0.523706
0.523795
0.523649
0.523701
0.523449
0.523565
0.523611
0.523602
0.523498
0.523495
0.523789
0.523948
0.523886
0.523909
0.524119
0.524139
0.524107
0.523935
0.523896
0.523829
0.523791
0.523768
0.52355
0.523539
0.523424
0.523327
0.523342
0.523138
0.522811
0.523179
0.523121
0.522886
0.522637
0.52261
0.522581
0.522589
0.522778
0.522877
0.523011
0.523061
0.522799
0.522618
0.522616
0.523011
0.523181
0.523264
0.523253
0.523357
0.523146
0.52313
0.523038
0.523163
0.52309
0.523112
0.523082
0.523268
0.523185
0.523287
0.523154
0.523116
0.523349
0.52342
0.523591
