0
0.0394089
0.0662691
0.083629
0.0933711
0.104447
0.11763
0.123222
0.130513
0.13885
0.1459
0.151027
0.153911
0.158645
0.162126
0.166333
0.170702
0.177079
0.17942
0.183229
0.186154
0.188816
0.191981
0.194894
0.199799
0.203014
0.206146
0.208985
0.211692
0.2147
0.217633
0.220077
0.222708
0.226041
0.227338
0.22928
0.231985
0.235323
0.237851
0.240477
0.242655
0.244771
0.246585
0.249156
0.250572
0.251521
0.253909
0.255736
0.257374
0.258705
0.260783
0.262695
0.264709
0.266619
0.268154
0.269813
0.271211
0.272156
0.273277
0.274685
0.276848
0.278713
0.279832
0.280493
0.281727
0.283117
0.284481
0.285256
0.286027
0.287789
0.288196
0.289339
0.29053
0.292254
0.2931
0.294312
0.295165
0.296362
0.297826
0.298988
0.29978
0.301179
0.302598
0.303263
0.30427
0.305168
0.306095
0.307079
0.308231
0.309124
0.309692
0.310147
0.311119
0.311978
0.312731
0.313537
0.314338
0.314794
0.31582
0.316406
0.317279
0.318339
0.319226
0.319355
0.32028
0.320975
0.321601
0.322018
0.322889
0.323642
0.324217
0.32516
0.325765
0.326539
0.327414
0.327824
0.328438
0.329194
0.329785
0.330551
0.331121
0.331682
0.332225
0.332744
0.333495
0.334043
0.334764
0.335624
0.336413
0.337365
0.33769
0.338782
0.339337
0.33997
0.340697
0.341601
0.34243
0.343033
0.343524
0.344057
0.344724
0.345262
0.345966
0.346377
0.347318
0.347831
0.348416
0.348677
0.349319
0.349752
0.350102
0.35056
0.351074
0.351271
0.351605
0.352121
0.352697
0.353327
0.353697
0.354325
0.354643
0.355222
0.355781
0.356176
0.356518
0.356809
0.357261
0.357666
0.358072
0.358602
0.359061
0.359257
0.359694
0.360319
0.360943
0.361277
0.361533
0.361864
0.362105
0.362534
0.362683
0.362863
0.363096
0.363985
0.364406
0.364598
0.364864
0.365356
0.365785
0.366302
0.366772
0.367164
0.367485
0.367559
0.367888
0.368273
0.368544
0.368983
0.369256
