0.033195
0.189848
0.241449
0.27627
0.292953
0.310686
0.325989
0.330709
0.338407
0.342716
0.346197
0.349938
0.353976
0.359063
0.35997
0.365259
0.368364
0.371406
0.374628
0.375209
0.377036
0.379485
0.381125
0.384101
0.386594
0.388189
0.390001
0.391521
0.393589
0.396416
0.397523
0.399118
0.399953
0.401733
0.40265
0.405237
0.406051
0.406783
0.408984
0.409696
0.409876
0.411494
0.412705
0.413741
0.414296
0.414643
0.415415
0.41691
0.418759
0.418767
0.419429
0.420736
0.422144
0.422419
0.42256
0.423224
0.423881
0.423631
0.424068
0.425395
0.425587
0.425256
0.424157
0.423756
0.424544
0.425054
0.425848
0.426119
0.426105
0.426513
0.426686
0.427314
0.428407
0.429041
0.429708
0.430423
0.431368
0.432259
0.432979
0.434275
0.43512
0.435384
0.43607
0.436415
0.437392
0.438549
0.439616
0.440407
0.441807
0.442074
0.442658
0.443417
0.444031
0.444884
0.44565
0.44666
0.447366
0.448272
0.449095
0.449693
0.45033
0.450805
0.451717
0.452491
0.453116
0.453781
0.454112
0.454997
0.45576
0.456701
0.457152
0.457777
0.458031
0.458335
0.458731
0.459503
0.459812
0.460559
0.461222
0.461704
0.461903
0.462248
0.462751
0.462962
0.463431
0.463591
0.464015
0.464882
0.465619
0.466132
0.466418
0.467415
0.468
0.468398
0.469006
0.469452
0.47008
0.470732
0.470877
0.47142
0.47169
0.472163
0.472863
0.473076
0.473773
0.474174
0.474989
0.475445
0.475971
0.476522
0.477024
0.477496
0.478034
0.478381
0.47857
0.47894
0.47938
0.479549
0.479915
0.480111
0.480278
0.480698
0.481263
0.481759
0.482054
0.482496
0.482928
0.483385
0.483687
0.48377
0.484334
0.484831
0.485524
0.485873
0.486115
0.486637
0.486881
0.487407
0.488071
0.488356
0.488215
0.488516
0.488668
0.488969
0.489136
0.489391
0.489679
0.489826
0.490124
0.490567
0.490898
0.491334
0.491544
0.491822
0.492365
0.492659
0.493037
0.493514
0.493698
