0.495468
0.514158
0.508342
0.512472
0.50722
0.514359
0.514436
0.51154
0.508543
0.50849
0.504665
0.502269
0.499884
0.499248
0.50161
0.5
0.499115
0.498419
0.498424
0.5003
0.497501
0.497605
0.49724
0.498045
0.498605
0.498021
0.49681
0.496594
0.497013
0.497419
0.497559
0.497022
0.497112
0.49649
0.495685
0.4951
0.494464
0.49461
0.494745
0.494645
0.493844
0.494168
0.495046
0.495919
0.49665
0.496852
0.497565
0.497677
0.498002
0.498433
0.498524
0.49829
0.498095
0.497906
0.498245
0.498275
0.497088
0.497528
0.498363
0.498542
0.498145
0.498711
0.49957
0.500283
0.500533
0.500342
0.500652
0.501153
0.501355
0.502067
0.502716
0.503366
0.503401
0.503291
0.503268
0.503698
0.504215
0.503909
0.504339
0.5046
0.504837
0.504414
0.504526
0.504666
0.504715
0.504452
0.504986
0.505088
0.505014
0.504893
0.505124
0.505399
0.505502
0.505557
0.505852
0.506256
0.506144
0.506562
0.506529
0.506301
0.50608
0.505905
0.505788
0.505719
0.505867
0.50632
0.506335
0.50623
0.506544
0.506406
0.506468
0.506534
0.506408
0.506626
0.506763
0.506819
0.506956
0.506691
0.506772
0.507087
0.507464
0.507472
0.507151
0.507226
0.507337
0.507313
0.50749
0.50745
0.507772
0.508013
0.508158
0.508149
0.508222
0.508431
0.508337
0.508697
0.508901
0.509052
0.509283
0.509287
0.509329
0.509515
0.509403
0.509282
0.50948
0.509447
0.50936
0.509509
0.509492
0.509258
0.509036
0.509362
0.509463
0.509673
0.50984
0.510005
0.510426
0.510496
0.510383
0.51034
0.510308
0.510507
0.510387
0.510497
0.510834
0.510619
0.510764
0.51077
0.51071
0.511001
0.5112
0.511281
0.511186
0.511383
0.511547
0.511554
0.511493
0.511372
0.51145
0.511477
0.511472
0.511665
0.511783
0.511699
0.511939
0.511972
0.511795
0.511711
0.511844
