0.315068
0.318671
0.344759
0.356892
0.376707
0.394631
0.408947
0.414969
0.427535
0.439114
0.441373
0.443488
0.447711
0.45182
0.456931
0.459463
0.460914
0.461912
0.465262
0.47029
0.471346
0.473778
0.476088
0.478933
0.47957
0.481928
0.483679
0.485903
0.487824
0.489312
0.490422
0.490848
0.493352
0.494078
0.495279
0.496595
0.49689
0.497488
0.49918
0.500467
0.502708
0.503962
0.505199
0.506257
0.507901
0.508736
0.509518
0.509843
0.510461
0.510704
0.510423
0.511895
0.512477
0.512983
0.513897
0.514619
0.516197
0.516349
0.516748
0.517191
0.517185
0.518272
0.519326
0.519573
0.519918
0.520372
0.520567
0.52102
0.521261
0.521168
0.52178
0.521658
0.522039
0.5226
0.52279
0.522808
0.523002
0.522867
0.523376
0.523493
0.524146
0.524346
0.524713
0.525333
0.525606
0.526077
0.526343
0.526089
0.526205
0.526394
0.526596
0.526626
0.526813
0.526967
0.527387
0.527559
0.527949
0.527829
0.527955
