0.212679
0.234391
0.268375
0.290274
0.309163
0.333113
0.34512
0.353635
0.360706
0.368431
0.374099
0.377493
0.382035
0.382555
0.386441
0.393038
0.395828
0.39889
0.40183
0.405045
0.407158
0.409641
0.412609
0.415279
0.417644
0.418611
0.421131
0.423132
0.424492
0.424945
0.427471
0.427847
0.429154
0.429183
0.429979
0.430216
0.430473
0.43057
0.432146
0.432735
0.433741
0.43317
0.43426
0.435283
0.436698
0.438469
0.439807
0.440672
0.442125
0.442981
0.443886
0.444275
0.444864
0.444382
0.445
0.446159
0.447573
0.448358
0.448591
0.448839
0.44834
0.44899
0.449093
0.449219
0.449931
0.45025
0.450719
0.450938
0.451426
0.451588
0.451471
0.452241
0.452939
0.453626
0.454112
0.45462
0.454625
0.455016
0.455873
0.455784
0.45629
0.456427
0.456466
0.457212
0.457027
0.45699
0.45755
0.45761
0.458047
0.458569
0.458422
0.458439
0.458659
0.459161
0.459833
0.46011
0.460708
0.460719
0.460835
