0.549708
0.540212
0.526316
0.510797
0.504505
0.506592
0.509983
0.511945
0.513274
0.511064
0.512658
0.514676
0.516437
0.520052
0.523427
0.521246
0.522486
0.524032
0.523373
0.523724
0.523516
0.521882
0.521134
0.521585
0.520581
0.521179
0.519621
0.519196
0.520825
0.521038
0.522456
0.520929
0.520201
0.520819
0.519648
0.520484
0.520866
0.519698
0.519613
0.519138
0.519464
0.519744
0.519294
0.518478
0.517458
0.518436
0.518892
0.517118
0.517583
0.518066
0.517871
0.517719
0.517557
0.517835
0.518472
0.519458
0.51965
0.519919
0.519913
0.520274
0.520268
0.520417
0.520804
0.521301
0.522194
0.522159
0.521833
0.522391
0.522667
0.522718
0.52205
0.521891
0.5216
0.521259
0.520794
0.520772
0.52072
0.521399
0.5214
0.52147
0.52147
0.521977
0.523316
0.523124
0.522794
0.523012
0.52308
0.522916
0.523454
