0.163599
0.0812929
0.0627477
0.0511057
0.0452222
0.0402882
0.0358453
0.0330517
0.0315325
0.0301887
0.0291425
0.0290493
0.0289037
0.0290084
0.0290593
0.0292606
0.0289104
0.0285228
0.028575
0.0283679
0.0286676
0.0285906
0.0282978
0.0283342
0.0289273
0.0286937
0.0289077
0.0295971
0.0295994
0.0305172
0.0308854
0.0308132
0.0311281
0.0318521
0.0316896
0.0321128
0.0321372
0.0327961
0.0329799
0.0332079
0.0331909
0.0335713
0.0338183
0.0344168
0.0344369
0.0346479
0.035159
0.03557
0.0355469
0.0359901
0.0360065
0.0364415
0.0365423
0.0368042
0.0370259
0.0369345
0.037345
0.0376221
0.037791
0.0379905
0.0380221
0.0385603
0.0391252
0.0395404
0.0396453
0.039525
0.0396918
0.0400462
0.0404299
0.0407016
0.0411024
0.0412823
0.0417793
0.042078
0.0423193
0.0427525
0.0428041
0.0429054
0.0430883
0.0436001
0.0438763
0.0439957
0.0441207
0.0440164
0.0443223
0.044965
0.0452329
0.0456871
0.0456248
0.0458652
0.0460863
0.0463434
0.0466503
0.0467742
0.0469103
0.0471518
0.0473464
0.0475286
0.0477914
