0.436399
0.278856
0.22611
0.206107
0.19536
0.185273
0.183396
0.179829
0.174468
0.177442
0.175287
0.17519
0.176175
0.176629
0.176886
0.175755
0.173206
0.174813
0.176426
0.176386
0.177876
0.179799
0.180751
0.18112
0.18242
0.182904
0.182913
0.183055
0.184752
0.185557
0.186609
0.188006
0.189721
0.190279
0.189916
0.189752
0.190313
0.191018
0.192536
0.192177
0.192426
0.193083
0.193615
0.193608
0.193769
0.193972
0.194499
0.194781
0.194698
0.195004
0.195895
0.196218
0.196383
0.196548
0.197237
0.197548
0.197588
0.197513
0.197682
0.198337
0.198981
0.199588
0.199612
0.199809
0.20024
0.200516
0.20075
0.201061
0.201719
0.201697
0.201888
0.202291
0.202586
0.202295
0.202408
0.202652
0.202788
0.203231
0.203607
0.203836
0.204282
0.204377
0.203864
0.20413
0.204338
0.20497
0.205395
0.205742
0.206008
0.206401
0.206494
0.206472
0.20652
0.206564
0.20673
0.206702
0.206424
0.206747
0.207627
