0.433333
0.463378
0.457627
0.450863
0.452096
0.446936
0.443027
0.441673
0.443687
0.43911
0.445745
0.452031
0.455286
0.457559
0.464159
0.467552
0.47114
0.475574
0.47918
0.482085
0.484349
0.486599
0.488228
0.488464
0.48968
0.489456
0.489369
0.490055
0.490759
0.49402
0.493585
0.494851
0.497166
0.497512
0.498176
0.498678
0.498792
0.498629
0.499083
0.500447
0.50109
0.501382
0.500864
0.501216
0.500099
0.498642
0.498765
0.499318
0.498664
0.498809
0.499592
0.500716
0.501068
0.501271
0.501437
0.501891
0.502406
0.502441
0.502275
0.502761
0.503109
0.503396
0.503055
0.503403
0.504385
0.504955
0.504454
0.505005
0.50534
0.505149
0.505617
0.506072
0.506339
0.506372
0.50617
0.506172
0.506427
0.506501
0.506855
0.506801
0.506786
0.506594
0.50685
0.506613
0.507092
0.506894
0.507154
0.50662
0.506529
