0.058
0.0696266
0.0874499
0.10521
0.120794
0.125888
0.137125
0.145812
0.155338
0.162598
0.166635
0.169501
0.173222
0.176415
0.180971
0.185116
0.192067
0.194437
0.199449
0.202466
0.206897
0.209522
0.213559
0.216689
0.220956
0.223542
0.226172
0.229344
0.232794
0.234972
0.237247
0.240094
0.243064
0.245944
0.248046
0.25033
0.25213
0.255011
0.256614
0.258741
0.261206
0.263642
0.264743
0.267389
0.269294
0.271579
0.273683
0.275253
0.276893
0.27811
0.279653
0.281774
0.282975
0.285036
0.28646
0.287852
0.289027
0.290998
0.292702
0.294532
0.295865
0.297335
0.298058
0.29959
0.301291
0.302308
0.303729
0.30484
0.30587
0.307899
0.309805
0.310942
0.312732
0.314044
0.314836
0.31691
0.317907
0.319467
0.320218
0.321868
0.322561
0.323588
0.324375
0.325284
0.326289
0.327494
0.328418
0.329378
0.330649
0.331995
0.333229
0.334459
0.335276
0.336156
0.337288
0.338171
0.339248
0.340087
0.340618
0.341639
0.342379
0.343554
0.34442
0.345508
0.346514
0.347746
0.348627
0.34923
0.350359
0.35119
0.351851
0.35257
0.353661
0.354862
0.356076
0.35676
0.358065
0.358872
0.359664
0.360336
0.361171
0.361916
0.362774
0.363489
0.364032
0.364847
0.365494
0.366212
0.367056
0.367731
0.368627
0.369225
0.369903
0.370522
0.371111
0.371924
0.372547
0.37285
0.373351
0.373835
0.374772
0.37566
0.376195
0.376745
0.377253
0.377745
0.378212
0.378927
0.379584
0.380397
0.381148
0.381772
0.38231
0.382655
0.382798
0.383407
0.384071
0.384584
0.385046
0.385605
0.386359
0.387104
0.387812
0.388507
0.38875
0.38912
0.389712
0.390465
0.390654
0.391054
0.391514
0.39211
0.392451
0.392615
0.393172
0.393425
0.393883
0.394167
0.394787
0.395219
0.395508
0.395913
0.396487
0.396909
0.397428
0.397812
0.398051
0.398382
0.399044
0.399452
0.399629
0.400241
0.400706
0.401185
0.401668
0.401612
0.402109
0.402563
0.40278
