0.008
0.0198216
0.0233023
0.037568
0.0497434
0.0558292
0.0596719
0.064668
0.0700199
0.0773349
0.0816859
0.0877594
0.0905015
0.0964802
0.0984146
0.103291
0.107327
0.110362
0.11345
0.116507
0.120428
0.1229
0.127135
0.130148
0.132017
0.135402
0.138173
0.140873
0.143286
0.146643
0.148278
0.150824
0.153652
0.156905
0.158792
0.161821
0.164641
0.167164
0.169028
0.171874
0.173589
0.175135
0.177098
0.178707
0.180042
0.181461
0.183141
0.184974
0.187192
0.189145
0.191003
0.192801
0.194961
0.196226
0.19798
0.199567
0.20151
0.203982
0.204724
0.206656
0.20886
0.210283
0.211646
0.212941
0.214559
0.215775
0.217217
0.218738
0.219689
0.221304
0.223015
0.224507
0.226226
0.226902
0.22841
0.229667
0.230656
0.232334
0.233361
0.234326
0.235562
0.236848
0.237857
0.239219
0.240327
0.241552
0.242624
0.243544
0.244464
0.24521
0.246379
0.247671
0.248981
0.249909
0.251563
0.25227
0.253362
0.254437
0.255405
0.256596
0.257373
0.25842
0.259352
0.260136
0.26056
0.261617
0.262686
0.263729
0.26461
0.265651
0.26624
0.267086
0.267818
0.268487
0.269231
0.269892
0.270907
0.271746
0.272908
0.273677
0.274559
0.275046
0.275719
0.276399
0.277233
0.278095
0.278651
0.279408
0.279642
0.280269
0.281137
0.282202
0.282918
0.283612
0.284147
0.284717
0.285081
0.285627
0.286372
0.287023
0.287471
0.287945
0.288665
0.289122
0.289892
0.290591
0.291334
0.291742
0.292311
0.293119
0.293437
0.294026
0.294601
0.295238
0.29587
0.296537
0.297287
0.297827
0.298609
0.299533
0.29996
0.300932
0.301641
0.302234
0.302785
0.303305
0.303581
0.304345
0.304887
0.305753
0.306134
0.306563
0.307033
0.307607
0.308394
0.309066
0.309331
0.309751
0.310161
0.310445
0.310843
0.311479
0.311885
0.312556
0.313056
0.313806
0.314326
0.314589
0.314989
0.315488
0.315956
0.316535
0.316859
0.317128
0.317758
0.318097
0.318336
0.318997
0.31959
