0.58104
0.573353
0.536391
0.532781
0.53221
0.536364
0.54272
0.540099
0.538281
0.535584
0.537992
0.533875
0.535274
0.532029
0.529282
0.529545
0.530706
0.531915
0.532447
0.532059
0.532895
0.533151
0.533141
0.534145
0.53343
0.535058
0.536798
0.534799
0.534934
0.535368
0.536366
0.535834
0.536102
0.535551
0.535074
0.534945
0.534296
0.534114
0.534013
0.532047
0.530926
0.531003
0.530577
0.529867
0.530037
0.529492
0.529248
0.529207
0.528495
0.52775
0.528476
0.528694
0.528151
0.526348
0.526225
0.525645
0.525578
0.525598
0.525746
0.525113
0.524693
0.524853
0.524326
0.524407
0.523938
0.524111
0.52364
0.523814
0.52361
0.523801
0.523776
0.524204
0.52406
0.524391
0.524206
0.524698
0.524576
0.52466
0.524704
0.524262
0.524256
0.524338
0.524211
0.52392
0.523821
0.523644
0.523564
0.523929
0.523802
0.523691
0.52336
0.523164
0.523226
0.523255
0.523636
0.523948
0.523413
0.523263
0.523264
0.5235
0.523574
0.523113
0.523372
0.523193
0.522802
0.522576
0.521936
0.521996
0.522166
0.522612
0.522817
0.523005
0.523093
0.523499
0.523514
0.523963
0.524097
0.52399
0.523975
0.523872
0.5234
0.523576
0.523276
0.523363
0.523241
0.523116
0.522919
0.522819
0.522663
0.522767
0.522851
0.523016
0.523349
0.52338
0.52333
0.523157
0.523547
0.523592
0.523817
0.52381
0.524036
0.524093
0.524038
0.524001
0.524027
0.524013
0.524221
0.523761
0.523375
0.523303
0.523416
0.523513
0.5234
0.523573
0.523203
0.523043
0.523193
0.523323
0.523179
0.523167
0.523203
0.523216
0.523081
0.52295
0.523192
0.523387
0.523662
0.523799
0.524031
0.524101
0.523905
0.523783
0.523862
0.523827
0.523971
0.524145
0.523874
0.523944
0.524063
0.523959
0.52417
0.524099
0.524211
0.524089
0.524109
0.524171
0.524223
0.52421
0.524304
