0.00196464
0.0533597
0.076366
0.0910433
0.102605
0.113276
0.120739
0.127209
0.134667
0.14191
0.145633
0.152866
0.157534
0.161244
0.163189
0.16588
0.168806
0.171346
0.175382
0.179925
0.184195
0.187389
0.192044
0.195077
0.196753
0.198972
0.201956
0.20434
0.207762
0.209974
0.213311
0.215381
0.219259
0.221191
0.223287
0.225429
0.228849
0.230866
0.233427
0.235263
0.236065
0.237048
0.238915
0.240111
0.242285
0.244768
0.247001
0.248848
0.250405
0.251575
0.253271
0.255001
0.256474
0.257541
0.259211
0.26087
0.262145
0.263508
0.265084
0.266246
0.267487
0.268847
0.270005
0.271028
0.272192
0.273341
0.27434
0.27529
0.276674
0.277288
0.278235
0.279336
0.280502
0.281447
0.282353
0.282695
0.284199
0.285272
0.286326
0.287244
0.288205
0.28929
0.290313
0.290742
0.291637
0.292492
0.293079
0.293755
0.29463
0.295824
0.296901
0.298168
0.298843
0.299597
0.300491
0.301331
0.301849
0.302417
0.302795
0.304017
0.304548
0.305042
0.305432
0.306235
0.306978
0.307816
0.308486
0.308833
0.309523
0.310274
0.310774
0.311637
0.31208
0.313279
0.313737
0.314578
0.315371
0.316006
0.316573
0.317123
0.317588
0.318654
0.319391
0.320275
0.320753
0.321565
0.32217
0.322942
0.323614
0.324501
0.325197
0.325646
0.326331
0.326904
0.327742
0.328412
0.32883
0.32942
0.330309
0.330643
0.331228
0.331798
0.332135
0.332536
0.333212
0.33342
0.334255
0.334861
0.335101
0.335668
0.33637
0.337147
0.337672
0.338412
0.338696
0.33922
0.33942
0.33985
0.340393
0.340584
0.341004
0.341107
0.341388
0.341874
0.342391
0.342532
0.342975
0.343532
0.343807
0.344518
0.345154
0.345769
0.346211
0.346873
0.34743
0.347743
0.348224
0.348758
0.349021
0.349499
0.350002
0.350486
0.35094
0.351176
0.351837
0.352342
0.352523
0.35289
0.353119
0.353474
0.353818
0.353744
0.354122
0.354414
0.354719
0.354983
0.355348
0.355972
0.356389
