0.0142566
0.183198
0.228224
0.269817
0.287105
0.298789
0.31408
0.326136
0.331556
0.339104
0.345085
0.349526
0.351879
0.353071
0.355731
0.360985
0.361149
0.362618
0.366946
0.370721
0.373022
0.376713
0.378544
0.38157
0.38435
0.386064
0.38998
0.391855
0.393767
0.393215
0.394379
0.395278
0.397196
0.398708
0.400992
0.401113
0.40237
0.403682
0.405189
0.406856
0.407785
0.409613
0.411692
0.412601
0.413632
0.415138
0.41707
0.418115
0.419009
0.418958
0.419674
0.421055
0.421798
0.421317
0.421994
0.422748
0.423276
0.424381
0.424859
0.425748
0.426385
0.42724
0.428228
0.42875
0.429003
0.429792
0.430447
0.431283
0.431104
0.431003
0.431994
0.43255
0.433623
0.434314
0.434854
0.434351
0.435021
0.435274
0.435976
0.437041
0.438027
0.438745
0.439321
0.439885
0.440659
0.441156
0.442172
0.442832
0.443645
0.444051
0.444431
0.44524
0.445849
0.445956
0.446538
0.44674
0.447345
0.447597
0.448225
0.448766
0.449317
0.449946
0.450972
0.451529
0.452213
0.453143
0.453339
0.454019
0.454761
0.455054
0.455723
0.456742
0.457455
0.458096
0.458502
0.459056
0.459224
0.45939
0.459624
0.460015
0.460308
0.460909
0.461272
0.461526
0.461914
0.462612
0.462903
0.463089
0.463511
0.46383
0.463985
0.464014
0.464374
0.464832
0.465131
0.465682
0.465702
0.465826
0.466085
0.466761
0.46703
0.467573
0.467832
0.468153
0.468098
0.468197
0.468336
0.468584
0.468751
0.468931
0.469382
0.469719
0.470207
0.470441
0.470746
0.47084
0.471249
0.471694
0.471942
0.472275
0.472339
0.472683
0.472913
0.472951
0.473321
0.473556
0.473707
0.473939
0.474106
0.474562
0.475235
0.475365
0.475649
0.475785
0.476119
0.476633
0.477146
0.477418
0.477523
0.477714
0.477851
0.478055
0.478271
0.478691
0.478754
0.478936
0.479153
0.479589
0.479812
0.480029
0.480309
0.48041
0.480556
0.480673
0.480656
0.480891
0.48082
0.480865
0.481013
