0.52071
0.540248
0.524103
0.5196
0.515509
0.509007
0.511504
0.503876
0.505854
0.505542
0.503639
0.506533
0.502842
0.502537
0.501436
0.500191
0.495508
0.495177
0.496551
0.494681
0.497689
0.495099
0.496099
0.496334
0.495512
0.496386
0.496302
0.496916
0.49462
0.492628
0.491115
0.492527
0.493906
0.494079
0.494461
0.495362
0.495321
0.496247
0.496076
0.497083
0.498337
0.497868
0.499189
0.49828
0.499294
0.499407
0.499291
0.499874
0.499907
0.49888
0.498992
0.498023
0.497258
0.497565
0.497803
0.498005
0.497854
0.497269
0.498007
0.497568
0.498595
0.498618
0.499189
0.499484
0.499931
0.50041
0.500964
0.50106
0.500849
0.501544
0.501798
0.502044
0.502551
0.502942
0.502866
0.503521
0.503978
0.504078
0.503836
0.504088
0.50359
0.50382
0.503827
0.504277
0.504262
0.504039
0.503993
0.503932
0.503615
0.503442
0.503769
0.503373
0.503545
0.503252
0.503374
0.503558
0.50377
0.504177
0.5045
0.504123
0.504394
0.504673
0.504511
0.504124
0.503942
0.504372
0.504667
0.504734
0.505173
0.505127
0.504918
0.505022
0.505363
0.505341
0.505672
0.505572
0.505278
0.505752
0.505666
0.50583
0.505632
0.505081
0.504868
0.504768
0.504529
0.504505
0.504741
0.504528
0.504052
0.504104
0.503926
0.503714
0.503812
0.504242
0.504586
0.504641
0.504551
0.504517
0.504223
0.504364
0.504366
0.504652
0.504484
0.504485
0.504196
0.504289
0.504034
0.504278
0.504139
0.504223
0.504186
0.504187
0.504306
0.503803
0.503883
0.503867
0.503996
0.503959
0.503691
0.503566
0.503527
0.503689
0.50364
0.503772
0.503713
0.503818
0.503814
0.503793
0.503531
0.503422
0.503517
0.503775
0.503995
0.50435
0.504248
0.504121
0.504114
0.50404
0.504178
0.504286
0.504253
0.504492
0.504402
0.504498
0.504424
0.504442
0.504466
0.504395
0.504388
