0.194672
0.107853
0.0724441
0.0562531
0.0482786
0.0451527
0.0424677
0.0417715
0.040625
0.0394473
0.0381951
0.0383867
0.0391145
0.0388258
0.0387957
0.0385659
0.0383621
0.0392616
0.0385716
0.038526
0.0379354
0.0380952
0.0381745
0.0389757
0.0391395
0.0390948
0.0402085
0.0402927
0.0408038
0.0417307
0.0419638
0.042299
0.0428628
0.0429217
0.0434036
0.0434719
0.043793
0.0444892
0.0450414
0.0459434
0.0465026
0.0470012
0.0473851
0.0474364
0.0481654
0.0482132
0.0491502
0.0499916
0.0509466
0.0515117
0.0521233
0.0523061
0.0524445
0.0528503
0.0527234
0.0530622
0.0535447
0.0539771
0.0548105
0.0552051
0.0555001
0.0557541
0.0560599
0.0562071
0.056527
0.0572842
0.0574952
0.0575398
0.0577617
0.0580666
0.0585984
0.0589998
0.0595915
0.0599917
0.0603
0.0606732
0.0607067
0.061064
0.0612543
0.0615108
0.0618032
0.0622095
0.0625362
0.0628952
0.0634203
0.0637577
0.0640721
0.0642804
0.064734
0.0647818
0.0649716
0.0652066
0.0655442
0.0656423
0.0659726
0.0662586
0.0665843
0.0669893
0.0673713
