0.533203
0.287081
0.208798
0.168741
0.144763
0.130857
0.121195
0.112767
0.105752
0.0988813
0.0967259
0.0955066
0.0953172
0.0932537
0.0923491
0.0900171
0.0887558
0.087098
0.0855608
0.0850299
0.0850696
0.0846367
0.0836457
0.0834025
0.0827316
0.0827988
0.0824083
0.0822779
0.0819643
0.0814612
0.0805201
0.0802044
0.0800758
0.0799415
0.0792555
0.0788491
0.0791279
0.0795367
0.0791087
0.0786809
0.0791259
0.0788281
0.0794176
0.0792765
0.0792591
0.0794222
0.0796224
0.0796359
0.0800581
0.0802347
0.0802589
0.0807861
0.080672
0.0808752
0.0811545
0.0811078
0.0814966
0.0822161
0.0829133
0.0831557
0.0836715
0.0840257
0.0840258
0.0840666
0.0844134
0.0850118
0.085038
0.0856015
0.0857513
0.0857554
0.0861042
0.0863466
0.0861319
0.086394
0.0870527
0.0871755
0.0871999
0.0874982
0.0878007
0.0886281
0.0887015
0.0898764
0.0904606
0.0912855
0.0917868
0.0923498
0.0923964
0.0933067
0.0935646
0.0936652
0.0939627
0.0944573
0.0946776
0.0948821
0.0950655
0.095344
0.0957444
0.0960705
0.0970065
