0.509554
0.495536
0.509278
0.504215
0.499387
0.500763
0.500217
0.494861
0.486304
0.487242
0.490592
0.492288
0.494516
0.494392
0.495488
0.500282
0.496978
0.498321
0.498249
0.500151
0.502232
0.50103
0.501443
0.501508
0.503016
0.504763
0.5051
0.505454
0.506157
0.507051
0.508517
0.508106
0.507467
0.507188
0.507175
0.507185
0.509216
0.509773
0.508904
0.509031
0.508895
0.508794
0.508947
0.509181
0.508807
0.508328
0.508727
0.509013
0.508796
0.509248
0.509668
0.50879
0.509442
0.509046
0.509366
0.508977
0.508507
0.509588
0.51004
0.510018
0.509825
0.509714
0.510186
0.510044
0.509684
0.510668
0.510369
0.510295
0.510922
0.510923
0.510872
0.51025
0.510751
0.510078
0.51025
0.509391
0.509654
0.509704
0.509828
0.509413
0.509387
0.509583
0.509847
0.509727
0.510056
0.510446
0.510807
0.511479
0.511193
