0.56705
0.330383
0.241672
0.205765
0.180737
0.168659
0.15698
0.148798
0.142794
0.141231
0.140082
0.13949
0.139167
0.139055
0.138976
0.139545
0.140832
0.144329
0.144143
0.144398
0.145356
0.145879
0.146738
0.148179
0.148815
0.150382
0.15095
0.15217
0.152641
0.15326
0.154422
0.15516
0.157201
0.15705
0.156393
0.156838
0.157748
0.157979
0.157819
0.158615
0.158805
0.160284
0.161013
0.161538
0.162062
0.163456
0.164255
0.164811
0.164752
0.165042
0.165305
0.165612
0.165984
0.166565
0.167084
0.16781
0.167726
0.168329
0.169172
0.169661
0.170513
0.171583
0.172085
0.172582
0.173528
0.174195
0.174915
0.175298
0.175976
0.176685
0.177412
0.178199
0.178644
0.17941
0.180263
0.180476
0.181192
0.181762
0.182415
0.183114
0.183888
0.184296
0.184814
0.18532
0.185924
0.185978
0.1863
0.186856
0.187355
0.188084
0.188993
0.189263
0.189828
0.190744
0.191462
0.191987
0.192288
0.192736
0.192834
