0.129707
0.0712106
0.0490129
0.0382294
0.0314897
0.0267738
0.0234957
0.0212076
0.019791
0.0184221
0.0178975
0.0177336
0.0182457
0.0175911
0.0173533
0.0174885
0.0168586
0.0171421
0.0170726
0.0170146
0.0168155
0.0166741
0.0166325
0.0166806
0.0165729
0.0161337
0.0163131
0.0161866
0.0166933
0.0166638
0.0167002
0.0166817
0.0167224
0.016752
0.0169006
0.0175619
0.0177404
0.0178885
0.0183015
0.0183135
0.0181759
0.017943
0.0182686
0.0182064
0.018275
0.0185098
0.0187457
0.0189708
0.0192297
0.0196893
0.0199032
0.0200444
0.0204325
0.0208227
0.0210315
0.0211875
0.0211579
0.0211964
0.0212486
0.0212668
0.0213716
0.021705
0.0218171
0.0218169
0.0221037
0.0221864
0.0224174
0.022465
0.0225386
0.022678
0.0226013
0.022785
0.0231419
0.0233559
0.0234257
0.023543
0.0237789
0.0238519
0.0238574
0.0239353
0.0241859
0.0244942
0.0246943
0.0247984
0.0251364
0.025231
0.0255503
0.0256743
0.0256616
0.0258468
0.0261811
0.0262062
0.0261223
0.0262091
0.0264301
0.0264455
0.0265057
0.0266467
0.0267054
