0.461538
0.423077
0.417154
0.417164
0.415789
0.415317
0.413677
0.417411
0.416145
0.412114
0.423807
0.429138
0.439535
0.444562
0.444797
0.446495
0.450315
0.452818
0.454531
0.457228
0.460297
0.463457
0.466899
0.467804
0.469443
0.472197
0.474118
0.476095
0.476673
0.476996
0.47829
0.480193
0.481119
0.481977
0.483011
0.483695
0.484483
0.486007
0.486474
0.485884
0.488413
0.487617
0.486979
0.487937
0.488596
0.490287
0.490879
0.492609
0.493127
0.494038
0.494599
0.494645
0.495036
0.495757
0.496621
0.497105
0.497833
0.497868
0.49846
0.499528
0.499682
0.500817
0.501229
0.501606
0.502792
0.503655
0.503625
0.504494
0.505084
0.505755
0.505925
0.506211
0.506269
0.506671
0.507776
0.507973
0.509211
0.509727
0.510203
0.510642
0.510358
0.510543
0.510819
0.510765
0.510535
0.510655
0.510826
0.511177
0.511677
