0.012
0.0653924
0.0963115
0.114418
0.135091
0.146959
0.159215
0.17366
0.185984
0.19323
0.199358
0.203372
0.207582
0.214353
0.219022
0.225354
0.22877
0.232591
0.237484
0.243243
0.248044
0.249613
0.253736
0.256778
0.259071
0.263199
0.265588
0.268699
0.271656
0.273197
0.275998
0.278275
0.280837
0.283622
0.285607
0.287613
0.290001
0.291766
0.294367
0.296299
0.298787
0.302282
0.305006
0.307228
0.308714
0.310923
0.313324
0.315727
0.317065
0.318757
0.320297
0.321851
0.32408
0.325427
0.327447
0.32871
0.329967
0.331532
0.333741
0.335107
0.336369
0.337176
0.338728
0.340436
0.34156
0.342952
0.343802
0.344663
0.346299
0.347734
0.349291
0.350614
0.35233
0.353446
0.354591
0.355784
0.356938
0.357177
0.358318
0.358727
0.359844
0.360907
0.362276
0.364021
0.365067
0.365976
0.366967
0.367779
0.368909
0.370001
0.371194
0.372178
0.372887
0.37348
0.374177
0.375332
0.376028
0.376406
0.377408
0.377999
0.378724
0.379791
0.380119
0.380871
0.381931
0.38246
0.382898
0.383506
0.383422
0.384112
0.384446
0.384829
0.385179
0.385766
0.386842
0.387576
0.388087
0.388676
0.389437
0.390432
0.391209
0.391968
0.392477
0.392715
0.392728
0.393345
0.393629
0.39396
0.394262
0.395034
0.395867
0.396601
0.397372
0.398149
0.398763
0.399437
0.399352
0.400139
0.400559
0.401015
0.401465
0.401705
0.402103
0.402726
0.403449
0.404013
0.404442
0.404845
0.405276
0.405345
0.405738
0.406163
0.406583
0.40687
0.407156
0.40734
0.407762
0.408337
0.408132
0.408264
0.408592
0.409173
0.409564
0.409981
0.41035
0.410448
0.410756
0.411199
0.411292
0.411689
0.411878
0.41213
0.412619
0.412655
0.412802
0.413274
0.41356
0.413672
0.413787
0.414095
0.41453
0.414988
0.415414
0.41562
0.415928
0.416265
0.416462
0.416464
0.416924
0.417114
0.41753
0.417922
0.418031
0.418101
0.418682
0.418707
0.418928
0.419254
0.419394
