0.056
0.153082
0.198568
0.231107
0.247732
0.262171
0.270025
0.283383
0.291557
0.299583
0.306479
0.313122
0.316523
0.32005
0.325052
0.328872
0.330651
0.333681
0.336381
0.338072
0.339658
0.343367
0.347546
0.351696
0.355353
0.358368
0.361614
0.36357
0.36619
0.368439
0.37145
0.373212
0.375354
0.377001
0.379722
0.381831
0.384829
0.386125
0.388162
0.390114
0.391633
0.393436
0.395676
0.396471
0.397686
0.398532
0.399735
0.401447
0.403329
0.405109
0.406834
0.408029
0.409514
0.410579
0.411853
0.413152
0.414041
0.415272
0.416827
0.417985
0.419284
0.420102
0.420709
0.422118
0.423604
0.423934
0.425238
0.426062
0.426822
0.427345
0.428074
0.428884
0.430014
0.431129
0.431595
0.432094
0.433459
0.43453
0.434859
0.435028
0.436045
0.436503
0.437302
0.43835
0.43912
0.439497
0.440312
0.440699
0.441284
0.441695
0.442676
0.443973
0.44423
0.44527
0.445839
0.446776
0.446803
0.447335
0.447906
0.448569
0.449141
0.449526
0.450716
0.451186
0.452177
0.453061
0.45415
0.455141
0.455803
0.456262
0.456743
0.457118
0.45734
0.457847
0.458114
0.458728
0.459539
0.460039
0.460557
0.461336
0.461531
0.462099
0.462408
0.462682
0.46358
0.463797
0.464428
0.464675
0.46496
0.465416
0.465866
0.466543
0.466546
0.466739
0.467024
0.467331
0.467889
0.468164
0.468579
0.469166
0.469544
0.470109
0.469968
0.470301
0.470691
0.471098
0.471461
0.471906
0.472262
0.472474
0.472661
0.472856
0.47319
0.47371
0.473979
0.474425
0.475031
0.475218
0.475448
0.475903
0.476416
0.476714
0.477224
0.477507
0.47813
0.47857
0.47875
0.479143
0.479556
0.479953
0.480345
0.480823
0.481147
0.481465
0.481695
0.482232
0.482498
0.4827
0.482951
0.483322
0.483707
0.484165
0.484394
0.484513
0.484767
0.48509
0.48522
0.485449
0.485803
0.486226
0.486244
0.486343
0.486582
0.486746
0.487048
0.487275
0.487451
0.487712
0.488
