0.522152
0.509346
0.498984
0.492075
0.487893
0.48767
0.489013
0.486812
0.487772
0.489215
0.494541
0.494739
0.494099
0.495923
0.502003
0.503195
0.504249
0.506302
0.506888
0.507141
0.505398
0.507154
0.507252
0.508906
0.510592
0.509912
0.509891
0.511287
0.512281
0.513933
0.515806
0.51634
0.517048
0.515886
0.516033
0.516594
0.516638
0.517066
0.517487
0.516307
0.517103
0.517418
0.518148
0.519794
0.520037
0.521037
0.522092
0.523142
0.52365
0.52308
0.523537
0.523935
0.52426
0.524816
0.524635
0.524866
0.525235
0.525286
0.525312
0.52641
0.526786
0.526984
0.526594
0.526387
0.526354
0.526951
0.527613
0.527363
0.527247
0.527253
0.52787
0.527527
0.527534
0.527527
0.527845
0.527795
0.528103
0.528396
0.528719
0.529191
0.529286
0.529303
0.529538
0.529691
0.530211
0.529856
0.52952
0.529639
0.529886
0.529836
0.530016
0.529937
0.530021
0.529488
0.529355
0.528992
0.528242
0.528354
0.528487
0.528583
0.529135
0.529113
0.5294
0.529615
0.529658
0.529689
0.529363
0.529073
0.528869
0.528426
0.528445
0.528539
0.528694
0.529131
0.528875
0.528708
0.528554
0.528126
0.527785
0.527674
0.527531
0.527663
0.527469
0.527437
0.527114
0.527688
0.527681
0.527589
0.527746
0.527796
0.527605
0.527579
0.527522
0.527494
0.527412
0.527174
0.52699
0.526945
0.52699
0.527112
0.527036
0.526837
0.526687
0.52687
0.526911
0.52676
0.526917
0.527035
0.527184
0.527057
0.52708
0.527056
0.526925
0.526912
0.526965
0.526958
0.527089
0.526812
0.526714
0.526628
0.526481
0.526451
0.526535
0.52671
0.526838
0.527001
0.526593
0.526282
0.52598
0.525934
0.526306
0.526322
0.526123
0.526205
0.526094
0.526154
0.52598
0.526039
0.526027
0.525829
0.525887
0.526088
0.526308
0.526332
0.526081
0.525984
0.525881
0.525747
0.525943
