0.0184805
0.0377358
0.0339335
0.03698
0.0365353
0.0342954
0.0359733
0.0366625
0.0375365
0.0389506
0.0394388
0.0392717
0.0390901
0.0409047
0.0399939
0.0421312
0.0428788
0.0430704
0.0436979
0.0439214
0.0439189
0.0433468
0.0442908
0.0444074
0.0450151
0.046455
0.0475921
0.0472794
0.0473862
0.0483217
0.0495348
0.0503386
0.0513982
0.0522689
0.052564
0.0542293
0.0550796
0.0561371
0.0560895
0.0564457
0.0570417
0.0570933
0.0571914
0.0583744
0.0587064
0.0591957
0.0598851
0.0600261
0.0605014
0.0613685
0.0617688
0.0623353
0.0626455
0.0634315
0.0637659
0.0645669
0.0654676
0.0656018
0.0666324
0.0669246
0.0673195
0.068258
0.0686586
0.0695229
0.0700184
0.0709163
0.0710007
0.0715018
0.071773
0.0722829
0.072957
0.0730197
0.0734474
0.0741275
0.0747937
0.075573
0.0759702
0.0767342
0.0768654
0.077189
0.077465
0.0778701
0.0784414
0.0787983
0.0793344
0.0797123
0.0800771
0.0805222
0.0809082
0.0812
0.0816237
0.0817637
0.0819365
0.0822118
0.0825674
0.0828974
0.0832475
0.083778
0.0837397
0.0840649
0.084586
0.0848628
0.0851803
0.0853208
0.0856021
0.0858959
0.0862536
0.0866583
0.0870115
0.0871339
0.0873769
0.0878234
0.0881049
0.0884775
0.0889774
0.0894836
0.0899447
0.090351
0.0904612
0.0907449
0.0913022
0.0917886
0.0920895
0.092498
0.0929043
0.0933652
0.0936552
0.0941677
0.0947208
0.0951045
0.0953697
0.0957202
0.0959806
0.0961031
0.0963076
0.0965753
0.0969136
0.0971617
0.0972138
0.0975281
0.0977631
0.0979191
0.0983927
0.0988602
0.0993739
0.0996849
0.0998137
0.0998267
0.10025
0.100535
0.100884
0.101005
0.10129
0.101541
0.101643
0.102072
0.102379
0.102677
0.102949
0.103116
0.103318
0.103533
0.103721
0.104057
0.104046
0.10455
0.104897
0.10509
0.105452
0.10565
0.105982
0.106095
0.106578
0.106774
0.107028
0.10736
0.107516
0.107731
0.10817
0.108448
0.108602
0.108941
0.109178
0.109426
0.109642
0.109768
0.11001
0.11025
0.110597
0.110917
0.111263
0.111577
0.111718
0.111996
0.11234
0.112631
0.112654
0.112997
0.113295
