0.194932
0.178776
0.171594
0.179737
0.176677
0.18036
0.183225
0.183436
0.186333
0.187512
0.190317
0.190219
0.192985
0.193523
0.193084
0.192541
0.193871
0.194258
0.19514
0.195502
0.196449
0.19788
0.199213
0.199465
0.19996
0.20027
0.200205
0.199765
0.200719
0.200374
0.200182
0.201015
0.201724
0.202352
0.202908
0.204352
0.205663
0.206383
0.207087
0.207002
0.207687
0.209156
0.210769
0.21094
0.21152
0.212781
0.213597
0.213867
0.214286
0.214663
0.215493
0.216034
0.216902
0.217149
0.217161
0.218397
0.219511
0.219961
0.220719
0.221551
0.221909
0.222615
0.222863
0.223468
0.223522
0.224265
0.224805
0.225033
0.226017
0.226698
0.227364
0.227762
0.228453
0.229221
0.229424
0.22936
0.229719
0.230209
0.230574
0.230848
0.231689
0.231984
0.232144
0.232848
0.2331
0.233339
0.233543
0.23403
0.235063
0.235463
0.235706
0.235789
0.236163
0.236424
0.236805
0.236682
0.237146
0.237629
0.237962
0.237963
0.238074
0.238215
0.238482
0.239063
0.239507
0.239674
0.240141
0.240364
0.240939
0.240758
0.241173
0.241511
0.241772
0.24191
0.241777
0.241871
0.242075
0.242488
0.243263
0.243197
0.243325
0.243594
0.244073
0.244162
0.244577
0.24496
0.245275
0.245451
0.245978
0.246479
0.246097
0.246158
0.246166
0.246442
0.246617
0.246902
0.246993
0.247065
0.247278
0.247364
0.247362
0.24758
0.247673
0.24789
0.247879
0.247963
0.248332
0.24869
0.248732
0.248909
0.249184
0.249366
0.249654
0.249704
0.249747
0.249647
0.249617
0.249963
0.250132
0.250385
0.250676
0.250852
0.251252
0.25156
0.251643
0.251975
0.252302
0.252721
0.252898
0.252971
0.253385
0.253599
0.254075
0.254387
0.254649
0.255066
0.255271
0.255374
0.255375
0.255475
0.255676
0.255881
0.255824
0.256163
0.256205
0.256165
0.256348
0.256494
0.256803
0.256776
0.256837
0.257031
0.257143
0.257239
0.257403
0.257602
0.257621
0.257852
0.257942
