0.397015
0.397239
0.395161
0.413254
0.419336
0.40864
0.405128
0.403483
0.406167
0.408468
0.419696
0.420817
0.424068
0.42848
0.433373
0.43562
0.439466
0.442247
0.443639
0.446981
0.452037
0.455463
0.455306
0.460075
0.463169
0.465753
0.468191
0.469529
0.471737
0.472981
0.475109
0.476873
0.479033
0.480021
0.481437
0.481086
0.481014
0.481879
0.482756
0.483571
0.48435
0.485202
0.485604
0.486296
0.486965
0.487146
0.48771
0.487542
0.487797
0.489549
0.489759
0.491108
0.492333
0.492625
0.493528
0.494019
0.495015
0.495314
0.495476
0.495531
0.495802
0.497052
0.497361
0.497963
0.498779
0.49857
0.499218
0.499538
0.500542
0.500406
0.500232
0.500831
0.501516
0.501435
0.501974
0.502202
0.501959
0.502777
0.502779
0.503138
0.503635
0.50297
0.503262
0.503777
0.5034
0.503293
0.50358
0.5041
0.504494
0.504875
0.505066
0.505272
0.504988
0.505141
0.505659
0.505428
0.505977
0.50561
0.505991
0.506197
0.506483
0.506803
0.506752
0.506519
0.506525
0.506959
0.506889
0.507005
0.507146
0.507679
0.507545
0.507138
0.506912
0.506718
0.506506
0.506771
0.506404
0.50629
0.506577
0.506735
0.507024
0.507024
0.506919
0.506758
0.507016
0.506962
0.507015
0.507167
0.507561
0.507445
0.507527
0.507743
0.507157
0.507149
0.507021
0.50686
0.507314
0.507356
0.507311
0.507149
0.507133
0.506839
0.506657
0.506605
0.507012
0.506975
0.506794
0.506746
0.506845
0.506669
0.506574
0.506558
0.506662
0.506493
0.506401
0.506457
0.506401
0.506591
0.506523
0.506714
0.506595
0.506433
0.506374
0.506017
0.505754
0.505369
0.505203
0.505082
0.504856
0.504528
0.504424
0.504251
0.50421
0.504185
0.5044
0.504443
0.504173
0.504199
0.50415
0.504051
0.504359
0.504351
0.504656
0.504901
0.505013
0.504922
0.504678
0.504702
0.504774
