0.0600775
0.0638723
0.0725216
0.0809335
0.0869565
0.0910312
0.0954716
0.0973384
0.101825
0.10624
0.108671
0.111131
0.113875
0.118505
0.119277
0.121785
0.124446
0.126158
0.128746
0.130896
0.133645
0.136717
0.13985
0.142812
0.145218
0.147352
0.148972
0.151356
0.153832
0.156247
0.157585
0.160627
0.16359
0.164701
0.16644
0.168783
0.16972
0.172331
0.173949
0.176276
0.178188
0.179838
0.180464
0.181183
0.182965
0.184139
0.186297
0.187218
0.188144
0.189678
0.190982
0.192532
0.193681
0.194772
0.19554
0.197209
0.198495
0.199711
0.201439
0.20292
0.20462
0.205635
0.206589
0.207328
0.20822
0.209816
0.210624
0.211238
0.212302
0.213939
0.214334
0.215405
0.216107
0.217515
0.21882
0.219664
0.220772
0.222222
0.223041
0.224708
0.225696
0.226693
0.227674
0.228435
0.229321
0.230138
0.231043
0.231963
0.232556
0.233618
0.234245
0.23484
0.235619
0.236309
0.236843
0.237722
0.238183
0.238752
0.238957
0.239655
0.240041
0.240468
0.241312
0.241909
0.243098
0.243822
0.244366
0.245191
0.246291
0.247119
0.24786
0.248176
0.248833
0.249676
0.250429
0.250982
0.251575
0.251802
0.252623
0.253212
0.253612
0.254399
0.255179
0.255947
0.256614
0.256635
0.257087
0.25795
0.258785
0.25948
0.260066
0.261005
0.26146
0.262242
0.26306
0.263719
0.263836
0.264301
0.265025
0.265575
0.265922
0.266543
0.267081
0.267445
0.267974
0.26851
0.269108
0.269565
0.26992
0.270449
0.271027
0.271448
0.271843
0.272388
0.273329
0.273732
0.274378
0.27506
0.275547
0.275994
0.276786
0.277062
0.277836
0.278262
0.278836
0.27937
0.279966
0.280436
0.280756
0.281308
0.281989
0.282311
0.282965
0.283304
0.283551
0.283852
0.284326
0.284686
0.285202
0.285717
0.286156
0.286621
0.286958
0.287614
0.288191
0.288732
0.289232
0.289591
0.289883
0.290466
0.290798
0.291349
0.291831
0.2925
0.292989
0.293226
0.293735
0.294182
0.294566
