0.0165289
0.012024
0.0187041
0.0231621
0.0258347
0.0291102
0.030852
0.032799
0.03508
0.0368917
0.0376662
0.0395815
0.0405673
0.042846
0.0449438
0.0461517
0.0468582
0.048275
0.0507514
0.0535101
0.054885
0.0564737
0.0588546
0.0600836
0.0612346
0.0632754
0.0655677
0.066427
0.0682275
0.0698208
0.0714758
0.0729167
0.0740799
0.0753807
0.0773991
0.0787848
0.0812075
0.0826292
0.0838348
0.0858713
0.0871848
0.0876269
0.089542
0.0904278
0.0916294
0.0926218
0.0934644
0.0943949
0.095404
0.0961674
0.0969603
0.0976507
0.0985683
0.100041
0.101368
0.102282
0.103004
0.104488
0.105573
0.10656
0.107688
0.108741
0.11027
0.111925
0.112776
0.113458
0.114349
0.115104
0.115829
0.116388
0.117872
0.118756
0.119492
0.120554
0.121446
0.122316
0.12281
0.123643
0.124546
0.125383
0.125692
0.12685
0.127551
0.128573
0.129877
0.1304
0.131496
0.132674
0.13376
0.134446
0.13544
0.13641
0.137212
0.137744
0.13896
0.139572
0.140327
0.141278
0.141998
0.143203
0.143333
0.14418
0.144946
0.145538
0.146369
0.146689
0.147754
0.148541
0.149401
0.149852
0.150676
0.151289
0.15219
0.152824
0.153938
0.154694
0.154958
0.155996
0.156425
0.156692
0.157376
0.157995
0.158609
0.159524
0.160122
0.160644
0.161065
0.161476
0.162236
0.162883
0.163708
0.164612
0.165337
0.165846
0.166938
0.167461
0.168356
0.168956
0.169758
0.170598
0.171143
0.171717
0.172448
0.172753
0.173565
0.174068
0.174637
0.174912
0.175405
0.175746
0.176365
0.177052
0.177474
0.17805
0.178764
0.179187
0.179914
0.180514
0.180853
0.181521
0.182385
0.18302
0.183727
0.184103
0.184673
0.185179
0.185858
0.18625
0.186787
0.187218
0.187789
0.187993
0.188656
0.189106
0.189451
0.190049
0.190408
0.190751
0.191328
0.191881
0.192527
0.192882
0.1934
0.194051
0.194508
0.195089
0.195399
0.195871
0.196411
0.196624
0.197073
0.197534
0.198081
0.198421
0.198785
0.199172
0.199659
0.200077
0.200455
