0.545977
0.520408
0.520468
0.52447
0.522581
0.526342
0.521404
0.522031
0.518962
0.520609
0.517561
0.516851
0.515807
0.515112
0.517165
0.519667
0.521886
0.522833
0.523164
0.525668
0.526496
0.526344
0.523865
0.522318
0.521204
0.520639
0.519504
0.520149
0.519235
0.519303
0.519619
0.519299
0.518492
0.518112
0.517859
0.516621
0.516197
0.517149
0.516487
0.517337
0.516885
0.517136
0.517554
0.518301
0.518545
0.518884
0.519181
0.518956
0.519239
0.519393
0.51895
0.519483
0.519311
0.520126
0.519604
0.519389
0.51893
0.517795
0.51808
0.518528
0.519003
0.519036
0.519321
0.51943
0.520082
0.519973
0.5203
0.520845
0.520984
0.520763
0.520301
0.519868
0.519311
0.51937
0.520076
0.520203
0.520519
0.519929
0.520238
0.520047
0.520306
0.520059
0.519938
0.519495
0.519785
0.519645
0.519903
0.519976
0.519487
0.519203
0.519438
0.519325
0.519712
0.519533
0.51986
0.519557
0.519575
0.519754
0.519414
0.519137
0.519294
0.519573
0.519738
0.520294
0.519929
0.519707
0.520079
0.520029
0.520169
0.520204
0.520285
0.520531
0.520769
0.520404
0.520471
0.520052
0.519848
0.519793
0.519913
0.520465
0.520407
0.520167
0.520342
0.520612
0.520729
0.521023
0.521142
0.521123
0.520909
0.520896
0.521026
0.521123
0.520998
0.520746
0.520524
0.520384
0.52045
0.520239
0.520321
0.51998
0.520287
0.520416
0.520119
0.520201
0.520288
0.520507
0.520448
0.520378
0.520218
0.520402
0.52022
0.520191
0.520159
0.520301
0.520389
0.520272
0.520222
0.520021
0.520039
0.519996
0.519999
0.519503
0.519525
0.519583
0.519607
0.519928
0.52014
0.520252
0.520031
0.520109
0.520378
0.520627
0.520671
0.520607
0.520716
0.52083
0.520743
0.520878
0.520816
0.52084
0.521008
0.520894
0.521131
0.521122
0.521201
0.521335
0.521347
0.521507
0.521427
