0.100209
0.0800821
0.0872529
0.101712
0.109032
0.110887
0.114048
0.123277
0.130958
0.138366
0.144813
0.147506
0.152699
0.155298
0.159849
0.162701
0.164297
0.168801
0.171943
0.174023
0.175679
0.17785
0.180749
0.183775
0.187657
0.191189
0.19292
0.195567
0.198037
0.20091
0.203489
0.207042
0.208699
0.210801
0.213257
0.215655
0.21918
0.221148
0.223483
0.22649
0.228852
0.231171
0.232564
0.233873
0.235023
0.237144
0.239214
0.240516
0.243314
0.245299
0.247026
0.248606
0.250956
0.25286
0.254187
0.255956
0.257554
0.258751
0.260541
0.26186
0.263553
0.264781
0.265881
0.267183
0.268597
0.269702
0.270763
0.272039
0.273284
0.275242
0.276152
0.27767
0.278607
0.279375
0.280727
0.281779
0.283322
0.283852
0.284899
0.285916
0.287319
0.28854
0.289704
0.291398
0.292109
0.293512
0.294814
0.295746
0.296726
0.297955
0.298857
0.299547
0.300964
0.301972
0.302657
0.30329
0.304191
0.304586
0.30535
