0.128599
0.149123
0.176125
0.1857
0.212431
0.220569
0.2316
0.238214
0.245455
0.253696
0.258934
0.263548
0.265802
0.268654
0.270549
0.276657
0.280393
0.280459
0.285839
0.288344
0.29026
0.293103
0.296679
0.297579
0.30034
0.303212
0.305015
0.30668
0.309492
0.310363
0.312536
0.315576
0.317616
0.320397
0.322308
0.323583
0.324706
0.326829
0.329015
0.330619
0.332529
0.334589
0.336875
0.338594
0.34038
0.34197
0.342483
0.343831
0.344286
0.346041
0.346396
0.348048
0.348733
0.349711
0.351355
0.352439
0.353531
0.355068
0.357056
0.358812
0.360518
0.361418
0.362525
0.36364
0.364705
0.365669
0.366421
0.366834
0.367786
0.368924
0.370122
0.370769
0.372287
0.373043
0.373757
0.375287
0.376423
0.377462
0.37834
0.379288
0.380184
0.38026
0.380991
0.381604
0.382223
0.382879
0.383475
0.384598
0.385439
0.38633
0.387015
0.387797
0.38867
0.38911
0.390494
0.391378
0.392126
0.392506
0.393318
