0.515432
0.515419
0.519569
0.528371
0.520637
0.530682
0.527389
0.526866
0.524607
0.522289
0.524755
0.522403
0.524084
0.522436
0.524629
0.52388
0.521525
0.522512
0.522313
0.523781
0.523435
0.522514
0.52183
0.523648
0.525117
0.525461
0.525922
0.527332
0.528072
0.52914
0.528274
0.528323
0.529079
0.52974
0.528054
0.527824
0.528866
0.529956
0.530129
0.529686
0.528385
0.527175
0.527056
0.526834
0.525989
0.525541
0.525962
0.527447
0.528057
0.527669
0.528078
0.527705
0.527538
0.526916
0.527426
0.52732
0.527675
0.527651
0.527049
0.527142
0.527245
0.527698
0.527614
0.52777
0.528069
0.528316
0.528382
0.528714
0.528436
0.528707
0.527766
0.527963
0.527741
0.527896
0.528112
0.527477
0.527513
0.527585
0.527522
0.527346
0.527541
0.527353
0.527413
0.527458
0.527736
0.527651
0.527455
0.527584
0.527823
