0.539078
0.573111
0.573307
0.572496
0.579605
0.580438
0.585549
0.585693
0.577883
0.577814
0.579771
0.57976
0.578832
0.579491
0.578123
0.580118
0.580145
0.581849
0.58369
0.584785
0.585875
0.585761
0.585881
0.585793
0.586362
0.587068
0.587585
0.587781
0.587187
0.586544
0.585543
0.585712
0.586068
0.585413
0.584598
0.584532
0.584092
0.584732
0.584819
0.58487
0.584871
0.584143
0.583861
0.584412
0.584763
0.585138
0.58538
0.586033
0.586303
0.586447
0.585344
0.585531
0.585292
0.585404
0.585492
0.58532
0.584875
0.585085
0.585115
0.584885
0.584939
0.585089
0.58475
0.584911
0.585
0.586327
0.585886
0.585952
0.585988
0.585551
0.585535
0.585972
0.586371
0.585986
0.586313
0.586586
0.587012
0.58707
0.587453
0.587574
0.588032
0.588164
0.588253
0.587826
0.588431
0.588492
0.588843
0.588697
0.588666
0.588348
0.58877
0.58931
0.589292
0.58968
0.590136
0.590173
0.590223
0.590718
0.591284
