0.123752
0.321101
0.371873
0.396889
0.418023
0.435914
0.440395
0.446835
0.447594
0.450374
0.454024
0.457739
0.455113
0.455453
0.456015
0.457913
0.461131
0.4623
0.464557
0.4649
0.465422
0.465697
0.467317
0.468508
0.469901
0.471561
0.471795
0.47279
0.473096
0.47251
0.473592
0.473125
0.473539
0.473396
0.473791
0.474543
0.475218
0.475759
0.476421
0.477472
0.477413
0.477552
0.478518
0.479795
0.479799
0.479786
0.479857
0.481033
0.481195
0.480906
0.480661
0.481217
0.481658
0.48227
0.482676
0.48274
0.481977
0.4827
0.483023
0.48249
0.482536
0.482176
0.482599
0.482598
0.482776
0.482992
0.482087
0.482554
0.482862
0.483196
0.484291
0.484332
0.484287
0.484862
0.484652
0.484513
0.484503
0.484079
0.484115
0.484305
0.484141
0.484085
0.483837
0.483925
0.483963
0.48463
0.484609
0.484924
0.485472
0.485781
0.48549
0.485001
0.484846
0.484638
0.48499
0.485469
0.486056
0.485754
0.485724
