0.473239
0.497784
0.506667
0.511914
0.509864
0.500504
0.498288
0.494227
0.493912
0.490465
0.495542
0.498884
0.501035
0.498502
0.5002
0.502345
0.504339
0.507445
0.508791
0.510824
0.50938
0.508659
0.509513
0.50766
0.507165
0.50701
0.509344
0.509347
0.508895
0.508911
0.507887
0.508117
0.507817
0.507109
0.50591
0.505077
0.505369
0.505939
0.505739
0.505938
0.507535
0.509684
0.510677
0.511786
0.511827
0.512162
0.510985
0.512166
0.512772
0.51341
0.513093
0.513015
0.513971
0.513887
0.514057
0.514387
0.514449
0.514805
0.514464
0.514715
0.515014
0.515415
0.516405
0.516606
0.516472
0.516309
0.515711
0.51592
0.515678
0.515128
0.515278
0.51576
0.516161
0.516034
0.516789
0.516384
0.51649
0.516124
0.516057
0.516026
0.516183
0.516496
0.517146
0.517863
0.518423
0.518347
0.518373
0.518655
0.519023
