0.0416667
0.288798
0.347767
0.370576
0.382212
0.388164
0.393626
0.401656
0.399911
0.40471
0.407053
0.409989
0.412598
0.41538
0.416804
0.420273
0.419894
0.420216
0.4202
0.41876
0.420799
0.421152
0.420364
0.420148
0.41956
0.419888
0.420553
0.420464
0.420877
0.420551
0.420409
0.419989
0.418636
0.419173
0.420211
0.419565
0.419804
0.421082
0.422075
0.422048
0.423022
0.421924
0.421662
0.421883
0.422355
0.422266
0.42313
0.423742
0.423507
0.424115
0.424456
0.424271
0.424297
0.423959
0.424532
0.424985
0.424555
0.424879
0.424808
0.424677
0.424693
0.42429
0.424927
0.425329
0.425385
0.425765
0.42538
0.425294
0.426312
0.426558
0.427141
0.427553
0.427674
0.427874
0.42815
0.427854
0.427874
0.428242
0.428805
0.428451
0.428055
0.427541
0.427475
0.427453
0.427514
0.427366
0.428061
0.428305
0.428798
0.428423
0.428656
0.428686
0.428959
0.429425
0.429459
0.429395
0.429922
0.429358
0.429186
0.42942
0.429669
0.429483
0.429456
0.429404
0.429486
0.429563
0.429276
0.429243
0.429417
0.429714
0.42952
0.429665
0.42988
0.429585
0.42947
0.429541
0.429208
0.428842
0.428953
0.429209
0.42916
0.42931
0.429181
0.429612
0.429733
0.429767
0.429712
0.429416
0.429432
0.429633
0.429726
0.429456
0.429082
0.428786
0.428608
0.429125
0.429034
0.429463
0.429178
0.428957
0.428799
0.428838
0.428998
0.429209
0.429126
0.428983
0.428846
0.428767
0.428333
0.428588
0.428391
0.428609
0.428763
0.429264
0.429252
0.429427
0.429438
0.429323
0.42955
0.429221
0.429117
0.429246
0.429128
0.429206
0.429194
0.429243
0.429212
0.429386
0.42957
0.429498
0.42928
0.428851
0.428809
0.428629
0.428813
0.428807
0.428872
0.428751
0.428766
0.428708
0.428755
0.428665
0.428612
0.428772
0.428367
0.428629
0.428494
0.428616
0.428716
0.428543
0.428313
0.428201
0.428212
0.428197
0.428143
0.428202
0.428225
0.42782
0.42797
