0.419118
0.500487
0.525624
0.523739
0.525958
0.525091
0.529144
0.51993
0.52171
0.521547
0.523881
0.526232
0.526219
0.52688
0.529174
0.530638
0.531583
0.532749
0.532064
0.531047
0.530921
0.532066
0.5301
0.531211
0.53088
0.53039
0.530233
0.529358
0.52936
0.529493
0.529662
0.528777
0.527945
0.526109
0.525956
0.524421
0.525138
0.5247
0.52366
0.52341
0.52453
0.524998
0.523732
0.52317
0.523219
0.523236
0.52222
0.521821
0.521173
0.521299
0.520551
0.520019
0.520739
0.520554
0.520988
0.520613
0.520414
0.519979
0.519802
0.519681
0.519098
0.519094
0.51968
0.519875
0.52036
0.520406
0.520195
0.520362
0.520883
0.521269
0.52123
0.521847
0.521458
0.521441
0.520946
0.520966
0.520243
0.520282
0.52084
0.521595
0.521634
0.522047
0.522101
0.522115
0.52263
0.521987
0.521834
0.521683
0.521925
0.521958
0.521966
0.52184
0.521473
0.521843
0.522209
0.522153
0.522254
0.522813
0.522737
0.522645
0.522552
0.522358
0.522706
0.522987
0.523064
0.522685
0.52271
0.522441
0.522711
0.522765
0.522901
0.522664
0.522657
0.522657
0.522764
0.522665
0.522961
0.522519
0.522926
0.523366
0.523664
0.523518
0.5234
0.52339
0.523261
0.523497
0.523497
0.523194
0.523204
0.523089
0.523154
0.523311
0.523171
0.523343
0.523503
0.523426
0.52293
0.522993
0.52283
0.522792
0.522679
0.522585
0.522832
0.522594
0.522118
0.521918
0.52192
0.521949
0.521743
0.521882
0.52178
0.521762
0.521518
0.521509
0.521504
0.521425
0.521415
0.521254
0.521465
0.521087
0.521222
0.521176
0.521308
0.521386
0.521108
0.521094
0.520832
0.52081
0.520706
0.52088
0.520906
0.520962
0.52072
0.520707
0.520608
0.52052
0.520574
0.520628
0.520691
0.520333
0.52041
0.520407
0.520359
0.52032
0.520436
0.520495
0.520426
0.520425
0.520366
0.520484
0.520452
0.520387
0.520515
0.52035
0.520411
0.520388
0.520239
0.520376
0.520463
