0.527273
0.509658
0.496538
0.486651
0.483221
0.490127
0.488612
0.488033
0.485981
0.484094
0.479241
0.477238
0.474078
0.472618
0.471357
0.472081
0.468352
0.467658
0.467259
0.467049
0.468223
0.468337
0.466781
0.465611
0.46558
0.462985
0.463363
0.463013
0.460783
0.459964
0.459599
0.45741
0.456464
0.456221
0.456956
0.45721
0.457096
0.456482
0.457712
0.457533
0.457506
0.457075
0.457327
0.458168
0.4584
0.458036
0.457083
0.457091
0.456835
0.457238
0.457475
0.456989
0.456961
0.457074
0.456598
0.455891
0.456705
0.456275
0.456876
0.457529
0.457927
0.458147
0.458116
0.459031
0.458864
0.458779
0.458726
0.457831
0.458503
0.459437
0.45837
0.458678
0.458868
0.458979
0.459494
0.459636
0.45971
0.460202
0.459911
0.459597
0.459656
0.458751
0.457802
0.457812
0.457675
0.457206
0.457459
0.456703
0.457398
0.457153
0.457941
0.458038
0.458098
0.457994
0.458114
0.458541
0.4585
0.458645
0.458257
0.458105
0.458691
0.458541
0.458604
0.458333
0.458049
0.458259
0.458134
0.457921
0.45766
0.457785
0.457496
0.457873
0.458085
0.458396
0.458505
0.458621
0.458914
0.459256
0.459084
0.458796
0.458972
0.459296
0.459176
0.459351
0.459415
0.459261
0.458955
0.459221
0.459391
0.459569
0.459883
0.45978
0.459913
0.459635
0.459545
0.459405
0.45924
0.459218
0.45898
0.458452
0.458485
0.458394
0.458571
0.458531
0.458487
0.458555
0.458808
0.458346
0.458364
0.458308
0.458206
0.458306
0.458376
0.458176
0.457942
0.458118
0.458528
0.458672
0.458584
0.458765
0.458671
0.45839
0.458379
0.458354
0.45829
0.458199
0.457898
0.457979
0.457901
0.457994
0.457971
0.458087
0.457846
0.45787
0.457764
0.458105
0.458376
0.458563
0.458822
0.458793
0.458751
0.458528
0.458574
0.458656
0.458578
0.45865
0.458519
0.458473
0.458537
