0.221095
0.131213
0.10174
0.0874621
0.082391
0.0822467
0.0816676
0.0790395
0.0799112
0.0780751
0.080015
0.0798666
0.079774
0.0824029
0.0835451
0.0856899
0.0862092
0.0862826
0.0862774
0.0879343
0.0882521
0.0897309
0.0902439
0.0910672
0.0927467
0.0942474
0.0956497
0.0975192
0.0977747
0.0986574
0.0994626
0.100643
0.10244
0.103753
0.10381
0.10553
0.106272
0.107281
0.108159
0.108896
0.110412
0.110596
0.111636
0.112642
0.113798
0.114356
0.115296
0.116006
0.116356
0.116812
0.118213
0.11876
0.119949
0.120383
0.121208
0.122159
0.122799
0.123521
0.124051
0.125367
0.125904
0.126391
0.127308
0.127842
0.1285
0.129204
0.129863
0.130048
0.130435
0.131308
0.132136
0.132633
0.133293
0.133735
0.134573
0.135039
0.1357
0.136087
0.136829
0.137226
0.13776
0.138431
0.139384
0.139794
0.140831
0.141652
0.142072
0.142587
0.143196
0.143689
0.144076
0.144685
0.145503
0.146373
0.146916
0.147505
0.147883
0.148557
0.148996
