0.571992
0.439638
0.398406
0.361523
0.34588
0.335992
0.329617
0.323088
0.319244
0.315905
0.314178
0.312899
0.311089
0.313205
0.313892
0.313158
0.312319
0.313878
0.313748
0.311597
0.312413
0.312528
0.31091
0.3111
0.311098
0.312037
0.311638
0.310383
0.310853
0.310866
0.311771
0.311552
0.312057
0.313492
0.313443
0.313205
0.313365
0.313155
0.313499
0.313124
0.312844
0.3124
0.31354
0.315095
0.316157
0.316308
0.316506
0.316918
0.317005
0.317387
0.31801
0.317308
0.317319
0.317564
0.318248
0.318796
0.318955
0.319216
0.318858
0.319309
0.319767
0.319946
0.320661
0.32149
0.321989
0.322564
0.322327
0.322937
0.323241
0.323816
0.324848
0.32483
0.325927
0.326402
0.326634
0.327295
0.327566
0.328569
0.32904
0.330066
0.330819
0.331358
0.331715
0.33213
0.332671
0.3329
0.332894
0.333181
0.333355
0.333769
0.334122
0.334435
0.334373
0.334953
0.335783
0.336055
0.336224
0.336332
0.336532
