0.435583
0.453718
0.446215
0.454006
0.453162
0.44417
0.442389
0.442086
0.437893
0.443916
0.444292
0.449761
0.453656
0.461788
0.461864
0.466341
0.467999
0.468478
0.470793
0.475245
0.47767
0.48069
0.48215
0.484009
0.485432
0.4875
0.487702
0.490072
0.49066
0.492081
0.493806
0.494005
0.494359
0.496552
0.496692
0.497954
0.498212
0.498655
0.499499
0.499214
0.498869
0.499964
0.500313
0.501125
0.501934
0.501564
0.501561
0.501745
0.502505
0.503259
0.504193
0.504283
0.50468
0.505627
0.507048
0.507918
0.507852
0.507845
0.509164
0.510009
0.51052
0.511348
0.510629
0.510792
0.511153
0.511099
0.511068
0.51055
0.510712
0.511419
0.511148
0.510805
0.511341
0.512025
0.512586
0.512806
0.513571
0.51373
0.513912
0.513901
0.514005
0.514003
0.514003
0.514248
0.514779
0.514998
0.514676
0.515102
0.514892
