0.273305
0.243979
0.26
0.273652
0.287273
0.295032
0.29977
0.300125
0.299711
0.301902
0.303444
0.302284
0.302843
0.303659
0.306881
0.307472
0.308103
0.308681
0.309652
0.309888
0.310631
0.309095
0.308789
0.309405
0.308694
0.309897
0.3088
0.31048
0.310436
0.312046
0.312807
0.314108
0.316989
0.318583
0.320081
0.32205
0.324342
0.32634
0.326712
0.329324
0.330602
0.331848
0.334498
0.336291
0.337379
0.339022
0.340872
0.34212
0.344206
0.345425
0.347148
0.348784
0.350806
0.352113
0.353488
0.355
0.356393
0.357813
0.359498
0.360426
0.362021
0.363434
0.365052
0.366022
0.367932
0.369064
0.370016
0.371681
0.372748
0.374053
0.374646
0.376015
0.377098
0.378238
0.379374
0.380518
0.381559
0.382858
0.383903
0.385289
0.386009
0.387466
0.387996
0.389193
0.390588
0.391383
0.39233
0.39304
0.393894
0.394779
0.395149
0.396082
0.396926
0.397851
0.398793
0.399947
0.401207
0.401608
0.402754
