0.219697
0.138756
0.123226
0.124385
0.123564
0.128905
0.136493
0.140722
0.149811
0.152448
0.155771
0.159255
0.161023
0.163808
0.167115
0.169586
0.174043
0.177516
0.179985
0.184796
0.188284
0.19103
0.192992
0.19403
0.196756
0.200386
0.203543
0.208088
0.210707
0.213498
0.215587
0.216435
0.220096
0.222145
0.224223
0.226687
0.228596
0.22991
0.231861
0.233478
0.23569
0.236877
0.239957
0.241455
0.243724
0.245159
0.246221
0.248669
0.250069
0.252225
0.253396
0.254396
0.256208
0.258002
0.259429
0.261013
0.262564
0.263045
0.264164
0.265413
0.266405
0.267593
0.268851
0.269604
0.270442
0.271142
0.272651
0.274648
0.276122
0.277816
0.279544
0.281005
0.281954
0.282565
0.284338
0.286229
0.287198
0.28773
0.288666
0.289874
0.290211
0.29141
0.2928
0.293697
0.29498
0.29573
0.296282
0.298173
0.299015
0.300432
0.301528
0.302562
0.303145
0.30391
0.304686
0.305523
0.306825
0.307364
0.307949
