0.506579
0.53012
0.535141
0.532282
0.521347
0.526871
0.524485
0.526296
0.526509
0.52897
0.529331
0.532696
0.535155
0.533794
0.535427
0.537082
0.535929
0.537056
0.53785
0.538113
0.538506
0.538093
0.535742
0.536622
0.536737
0.536028
0.534977
0.534727
0.535655
0.534949
0.535385
0.535305
0.535004
0.533046
0.533612
0.532784
0.532836
0.534281
0.535434
0.535529
0.536669
0.536279
0.536883
0.536777
0.535959
0.535213
0.534529
0.533908
0.532954
0.532524
0.53263
0.531931
0.531195
0.530692
0.531183
0.531317
0.531527
0.531512
0.531411
0.531854
0.531501
0.530993
0.530628
0.530456
0.5309
0.530434
0.530383
0.53005
0.529731
0.53044
0.530163
0.53048
0.530493
0.530226
0.529642
0.529256
0.529313
0.529396
0.529155
0.52939
0.528844
0.529352
0.529458
0.529647
0.530095
0.530232
0.530296
0.530546
0.530325
