0.0451866
0.219029
0.263795
0.287651
0.30297
0.313423
0.312572
0.318056
0.323266
0.326407
0.331444
0.333988
0.338026
0.338907
0.341074
0.342336
0.340391
0.341941
0.342793
0.342909
0.342026
0.343948
0.344347
0.345184
0.346138
0.347118
0.346992
0.349173
0.350188
0.349996
0.349569
0.349121
0.349466
0.349644
0.350507
0.350991
0.350118
0.351584
0.352321
0.352847
0.353637
0.354714
0.354981
0.355798
0.355978
0.35677
0.357561
0.35849
0.359503
0.360304
0.359832
0.360187
0.360622
0.360332
0.360597
0.361132
0.362213
0.363645
0.363556
0.364694
0.365159
0.365898
0.366665
0.366626
0.366978
0.367426
0.367881
0.368218
0.369142
0.369879
0.369927
0.370537
0.370906
0.371434
0.371591
0.372026
0.37248
0.372637
0.373244
0.374005
0.374604
0.374935
0.375293
0.375568
0.375857
0.376497
0.37672
0.377728
0.377849
0.378318
0.379155
0.379193
0.379831
0.380758
0.381279
0.381549
0.381654
0.381895
0.382046
0.381711
0.38208
0.382316
0.382317
0.382977
0.383137
0.383845
0.384346
0.384544
0.385025
0.385231
0.38549
0.385954
0.386323
0.386469
0.386826
0.387158
0.386853
0.387005
0.387293
0.387249
0.388026
0.388807
0.388872
0.389346
0.389295
0.38963
0.389738
0.390012
0.390131
0.390555
0.390823
0.391355
0.391549
0.391964
0.392064
0.392169
0.392346
0.39277
0.39284
0.393186
0.393551
0.393678
0.393834
0.394473
0.394783
0.394812
0.395169
0.395628
0.395707
0.39602
0.396353
0.396685
0.397235
0.397519
0.397989
0.398598
0.398736
0.398991
0.399459
0.399782
0.400061
0.400251
0.400307
0.400589
0.400812
0.401031
0.401503
0.401869
0.402278
0.40271
0.402763
0.402883
0.403041
0.403229
0.403239
0.403456
0.403794
0.403971
0.404188
0.404221
0.404432
0.404721
0.405276
0.405824
0.406054
0.406251
0.406435
0.40687
0.407173
0.407398
0.407728
0.407887
0.407917
0.408043
0.408296
0.408649
0.408838
0.409085
0.409195
