0
0.00504541
0.0184941
0.0219124
0.030303
0.0370861
0.0386803
0.0434351
0.0496689
0.0541344
0.057313
0.0588957
0.060253
0.0622439
0.0624812
0.0652734
0.067525
0.0694027
0.0714822
0.0741406
0.0759202
0.077847
0.0804069
0.0818013
0.0837843
0.0851909
0.0864824
0.0874442
0.0886076
0.0891123
0.0907724
0.0922251
0.0934262
0.0946458
0.0960814
0.0970133
0.0990495
0.100321
0.101849
0.102887
0.104123
0.10528
0.10685
0.107795
0.108423
0.109914
0.111227
0.112477
0.113602
0.114713
0.115604
0.116382
0.117546
0.118615
0.119781
0.120857
0.122209
0.123089
0.124039
0.125179
0.125994
0.126448
0.126929
0.127601
0.128452
0.12895
0.130199
0.131463
0.13221
0.133591
0.134234
0.134819
0.135509
0.13635
0.137342
0.138006
0.138586
0.139474
0.140037
0.140764
0.141503
0.14199
0.142906
0.144132
0.144707
0.145592
0.146147
0.146906
0.147366
0.148062
0.148822
0.149763
0.150401
0.150752
0.151502
0.152286
0.153224
0.153976
0.154981
0.155659
0.155862
0.15673
0.157104
0.157141
0.15763
0.158366
0.159001
0.159589
0.16023
0.161323
0.161992
0.162892
0.16373
0.164429
0.165014
0.165559
0.165833
0.166525
0.167177
0.167564
0.168406
0.168988
0.169685
0.170288
0.170681
0.170823
0.171171
0.171973
0.172395
0.172759
0.173292
0.174028
0.174298
0.175123
0.175445
0.175791
0.176471
0.176883
0.177268
0.177728
0.177969
0.178663
0.179446
0.180082
0.180717
0.181084
0.181515
0.182087
0.18262
0.182884
0.183358
0.1838
0.184729
0.184839
0.185149
0.185578
0.186099
0.186719
0.187113
0.187688
0.187763
0.18822
0.188683
0.189107
0.189553
0.190321
0.190764
0.191159
0.191725
0.192222
0.192485
0.192961
0.193405
0.193539
0.194158
0.194513
0.194974
0.195504
0.195796
0.19611
0.196384
0.196704
0.19695
0.197368
0.197602
0.197987
0.198234
0.198679
0.19904
0.199332
0.199607
0.199903
0.200589
0.200852
0.201475
0.201928
0.202538
0.202776
0.203172
