0.488024
0.498551
0.491707
0.499636
0.496491
0.503166
0.501262
0.497949
0.496515
0.493545
0.496591
0.497872
0.499308
0.498707
0.4992
0.5
0.501422
0.504024
0.506198
0.507681
0.509824
0.509576
0.508452
0.506017
0.507213
0.507689
0.509034
0.508186
0.509553
0.509343
0.510254
0.509051
0.508991
0.509094
0.509995
0.508496
0.507736
0.50843
0.509168
0.510293
0.510352
0.511435
0.512014
0.512011
0.511072
0.511532
0.511281
0.511583
0.511422
0.511471
0.512134
0.512721
0.512516
0.511533
0.512182
0.512189
0.512427
0.513223
0.513509
0.513467
0.513216
0.512299
0.512332
0.512196
0.511785
0.511646
0.511213
0.510781
0.510512
0.510557
0.510115
0.509746
0.509924
0.509808
0.510112
0.51
0.509462
0.508909
0.508787
0.507964
0.507562
0.507577
0.506996
0.507206
0.50762
0.507548
0.507595
0.507592
0.507676
0.507427
0.507294
0.507444
0.507652
0.50794
0.507793
0.507698
0.507992
0.507829
0.50842
0.508741
0.508985
0.508878
0.508683
0.508757
0.508375
0.50816
0.508339
0.50811
0.507858
0.507755
0.50792
0.507796
0.507481
0.50731
0.506863
0.5067
0.506581
0.506115
0.506154
0.505765
0.505589
0.50584
0.505523
0.505662
0.505509
0.505667
0.505919
0.505919
0.506167
0.506152
0.50569
0.506165
0.50663
0.50683
0.507335
0.507722
0.507918
0.507846
0.507787
0.508095
0.507974
0.508111
0.508206
0.508291
0.508251
0.508372
0.508521
0.508875
0.509122
0.509242
0.509697
0.509731
0.50951
0.509411
0.509404
0.509274
0.509291
0.509613
0.509697
0.509933
0.50994
0.510286
0.510124
0.510191
0.510392
0.510359
0.510722
0.510673
0.510637
0.510637
0.510765
0.510798
0.51064
0.510908
0.51105
0.511045
0.511178
0.510943
0.510721
0.510602
0.51044
0.510513
0.510559
0.510741
0.510849
0.510928
0.510969
0.510991
0.511021
