0.167006
0.0900901
0.0677741
0.0609265
0.0565428
0.0541358
0.0547192
0.0584219
0.0590604
0.0601336
0.060072
0.0613596
0.0621823
0.06368
0.0665148
0.0680931
0.0694502
0.0712874
0.0719606
0.072692
0.0734575
0.0756557
0.0771729
0.0794896
0.0806957
0.0816446
0.0839009
0.0853692
0.0868136
0.0875831
0.089021
0.0897029
0.0914639
0.0926641
0.094216
0.0962103
0.097876
0.0993201
0.100233
0.101387
0.101552
0.103
0.10454
0.105544
0.106631
0.107979
0.109736
0.111092
0.11191
0.112454
0.113618
0.114438
0.116127
0.117047
0.11861
0.119186
0.120589
0.121443
0.122588
0.12364
0.124254
0.12518
0.126332
0.127487
0.129153
0.13007
0.130833
0.131907
0.133048
0.133534
0.134296
0.135404
0.13586
0.136239
0.136848
0.137767
0.138475
0.139563
0.141117
0.14177
0.142257
0.142729
0.143556
0.144337
0.144965
0.145397
0.146354
0.147182
0.148057
0.148783
0.149859
0.150563
0.151498
0.152317
0.153168
0.153809
0.155155
0.155692
0.156593
