0.363458
0.238761
0.208696
0.190169
0.18225
0.177792
0.176255
0.177212
0.179249
0.181189
0.18229
0.184503
0.186457
0.189147
0.190871
0.192688
0.192682
0.194333
0.196078
0.198213
0.199724
0.202813
0.205999
0.207518
0.209711
0.209985
0.210026
0.21126
0.212768
0.214859
0.216077
0.21723
0.219278
0.220598
0.222347
0.223714
0.225634
0.227557
0.228007
0.229548
0.230849
0.231786
0.23259
0.233185
0.234379
0.235826
0.237168
0.2382
0.238817
0.23934
0.240039
0.241084
0.241677
0.242207
0.243832
0.244805
0.245807
0.246368
0.247617
0.248309
0.249762
0.250078
0.250628
0.251345
0.252214
0.252633
0.2537
0.254317
0.255135
0.255616
0.255811
0.256338
0.257482
0.257762
0.258312
0.259255
0.260131
0.260765
0.260901
0.261528
0.262211
0.263051
0.263099
0.264409
0.265401
0.26594
0.266829
0.268109
0.268921
0.269419
0.270426
0.271312
0.272018
0.272908
0.273515
0.274234
0.274619
0.275512
0.276055
