0.498462
0.51682
0.510163
0.499626
0.4997
0.50025
0.495935
0.488069
0.487918
0.487914
0.497164
0.499259
0.496585
0.495877
0.499206
0.501763
0.502809
0.50606
0.505033
0.505895
0.506199
0.506743
0.506785
0.5052
0.504675
0.503975
0.503545
0.503265
0.502585
0.504043
0.502032
0.502906
0.504364
0.505745
0.507367
0.508288
0.50806
0.509382
0.509517
0.509211
0.510228
0.510873
0.51125
0.512072
0.512414
0.513492
0.512757
0.51363
0.513945
0.514037
0.513529
0.513755
0.514029
0.514145
0.514216
0.514497
0.514607
0.515101
0.515332
0.51471
0.514193
0.513665
0.513084
0.512762
0.51269
0.512958
0.512443
0.512352
0.512909
0.513556
0.51383
0.51365
0.513208
0.512912
0.512786
0.513243
0.512535
0.512534
0.512344
0.512847
0.513532
0.513771
0.514217
0.514404
0.514783
0.51496
0.515187
0.515542
0.515538
