0.210191
0.148554
0.139474
0.134682
0.128306
0.129043
0.133447
0.131095
0.133568
0.136608
0.136219
0.137797
0.141175
0.144161
0.144458
0.144441
0.145301
0.149236
0.152295
0.155281
0.154338
0.156497
0.157544
0.160373
0.163338
0.163252
0.16303
0.166351
0.167821
0.17028
0.171014
0.172308
0.172527
0.173733
0.174384
0.175875
0.177321
0.178258
0.181175
0.182998
0.184541
0.183231
0.182798
0.18326
0.184
0.184548
0.184972
0.185641
0.186475
0.187476
0.18842
0.189326
0.189822
0.190031
0.190978
0.190337
0.190637
0.192034
0.192982
0.192543
0.193194
0.19351
0.193626
0.193021
0.193077
0.193877
0.193883
0.19396
0.194006
0.194442
0.195212
0.196549
0.196924
0.197196
0.19791
0.198113
0.19834
0.198699
0.199155
0.199705
0.200292
0.20083
0.201376
0.20204
0.202489
0.202718
0.203066
0.202983
0.203489
0.203968
0.204331
0.204063
0.204482
0.20492
0.205148
0.205196
0.205668
0.205227
0.205013
