0.534972
0.415246
0.371622
0.341105
0.317795
0.307071
0.301323
0.29598
0.293749
0.293905
0.291997
0.293888
0.29381
0.294878
0.294501
0.295736
0.293826
0.29532
0.298306
0.299393
0.298507
0.299708
0.299556
0.2983
0.298276
0.297785
0.296286
0.29838
0.298685
0.299862
0.298222
0.29824
0.298912
0.299907
0.300302
0.299764
0.300424
0.300042
0.300918
0.30171
0.302141
0.301799
0.300888
0.300487
0.300218
0.300047
0.301304
0.300878
0.300682
0.300159
0.300523
0.301427
0.302525
0.302895
0.303245
0.30293
0.303313
0.30312
0.303912
0.303456
0.30354
0.303191
0.30332
0.30306
0.302983
0.303749
0.303462
0.303699
0.303994
0.30409
0.305387
0.306755
0.307289
0.307383
0.307631
0.307655
0.307959
0.308368
0.308839
0.308343
0.308441
0.308492
0.30905
0.310044
0.31047
0.31092
0.311236
0.31126
0.312021
0.312615
0.313061
0.312558
0.312652
0.312775
0.313555
0.313583
0.313682
0.313432
0.313427
