0.271137
0.319943
0.324065
0.329224
0.339003
0.349308
0.330935
0.33916
0.342971
0.349387
0.34143
0.340191
0.34194
0.346701
0.345744
0.340871
0.34012
0.34163
0.339176
0.341097
0.338809
0.340164
0.33946
0.34015
0.339188
0.33682
0.335512
0.334222
0.335944
0.335387
0.335766
0.334233
0.332912
0.332017
0.332509
0.331233
0.332393
0.331739
0.331879
0.332138
0.332482
0.332266
0.33201
0.331743
0.331533
0.330772
0.330216
0.330447
0.330565
0.328689
0.327365
0.326871
0.326448
0.325046
0.325046
0.324514
0.323755
0.323753
0.322445
0.32219
0.322818
0.322761
0.322992
0.323408
0.323413
0.323003
0.322777
0.323637
0.324087
0.323238
0.323543
0.323919
0.324437
0.325544
0.32512
0.325379
0.325438
0.325073
0.325295
0.325338
0.326131
0.325134
0.32494
0.325248
0.32499
0.325079
0.325169
0.324525
0.324108
