0.0042735
0.0298661
0.038822
0.0457939
0.0503656
0.0568027
0.0638051
0.0655111
0.0681458
0.0711503
0.0739322
0.0765919
0.0774553
0.0788422
0.0804667
0.0830929
0.0853087
0.0891519
0.0927562
0.0959352
0.0985588
0.100703
0.103003
0.105449
0.106673
0.109048
0.111122
0.113142
0.115501
0.116625
0.117256
0.120092
0.120905
0.122679
0.125407
0.127505
0.128211
0.129922
0.131857
0.13327
0.135508
0.136581
0.137381
0.138839
0.140348
0.141432
0.142416
0.143486
0.144982
0.146659
0.148216
0.149485
0.150188
0.151762
0.15366
0.155394
0.15611
0.157748
0.15831
0.160121
0.16107
0.162349
0.163598
0.164783
0.165796
0.166461
0.167381
0.168523
0.169164
0.170244
0.170963
0.171835
0.173405
0.173994
0.175357
0.175802
0.176484
0.177395
0.177974
0.179137
0.17996
0.180744
0.181562
0.182389
0.183083
0.183653
0.184254
0.184967
0.185697
0.186539
0.187604
0.188596
0.189489
0.19034
0.191
0.191589
0.192576
0.193458
0.194178
0.194757
0.195454
0.19636
0.197188
0.19815
0.198766
0.199484
0.20014
0.200838
0.20154
0.202345
0.20303
0.203743
0.204348
0.205255
0.206252
0.206998
0.207845
0.208632
0.209172
0.209408
0.209943
0.210601
0.211331
0.212363
0.213335
0.213717
0.214279
0.215092
0.215396
0.216029
0.217059
0.217865
0.218455
0.21911
0.219681
0.220122
0.220919
0.221419
0.222069
0.222303
0.22289
0.223571
0.224038
0.224587
0.22506
0.225163
0.225974
0.22684
0.227313
0.22792
0.228172
0.228873
0.229379
0.230097
0.230701
0.231422
0.231879
0.23225
0.232838
0.233418
0.234069
0.234854
0.235459
0.235851
0.236389
0.236687
0.236842
0.237346
0.237822
0.238339
0.238683
0.239314
0.239471
0.240026
0.240757
0.241103
0.241625
0.242225
0.242759
0.243255
0.243841
0.244279
0.244735
0.24528
0.245668
0.246151
0.246585
0.247195
0.247839
0.248143
0.248535
0.249034
0.249285
0.24945
0.249884
0.250272
0.250983
0.251259
0.25169
