0.0451128
0.169096
0.214475
0.243596
0.262411
0.275817
0.282376
0.296542
0.30024
0.306461
0.308229
0.311234
0.315134
0.317273
0.318382
0.32072
0.322684
0.323782
0.32618
0.329607
0.33141
0.333552
0.334986
0.338051
0.341356
0.34391
0.343741
0.345227
0.347359
0.348958
0.349886
0.351898
0.354834
0.355185
0.35608
0.35667
0.358644
0.358786
0.360233
0.360707
0.361494
0.362577
0.364039
0.365444
0.365544
0.366025
0.366513
0.367921
0.368528
0.369519
0.370966
0.37168
0.372272
0.372814
0.374752
0.375939
0.376613
0.37689
0.377098
0.377985
0.379021
0.378998
0.380292
0.381109
0.382247
0.38291
0.383193
0.383159
0.383813
0.3846
0.385206
0.385163
0.385538
0.386261
0.386802
0.387709
0.387574
0.388398
0.389007
0.389328
0.389581
0.389749
0.390477
0.391184
0.392046
0.393141
0.393429
0.393955
0.3945
0.395142
0.395961
0.39684
0.397061
0.39794
0.398097
0.398861
0.398631
0.398731
0.398875
0.399636
0.400028
0.400368
0.400956
0.401637
0.401896
0.40211
0.402435
0.402911
0.403726
0.404397
0.40481
0.405284
0.405697
0.406625
0.407103
0.407769
0.408151
0.408608
0.408863
0.409406
0.409978
0.410459
0.410778
0.411026
0.411367
0.411707
0.412238
0.412649
0.413018
0.413414
0.413423
0.414085
0.414168
0.414645
0.414671
0.414975
0.415376
0.415656
0.416025
0.416271
0.416658
0.416933
0.416898
0.417155
0.417418
0.417833
0.418309
0.418514
0.418634
0.419055
0.419585
0.419811
0.420456
0.420573
0.421023
0.42136
0.421569
0.421618
0.421887
0.422257
0.422501
0.422824
0.42295
0.423333
0.423695
0.423704
0.424024
0.4244
0.42456
0.424866
0.425261
0.425654
0.426018
0.426506
0.426621
0.42702
0.427515
0.427818
0.428232
0.428402
0.428877
0.42905
0.429279
0.429466
0.429887
0.430233
0.430307
0.430493
0.430702
0.431064
0.431417
0.431699
0.431999
0.432001
0.432187
0.432333
0.432497
0.432714
0.432998
