0.477612
0.479938
0.495385
0.499226
0.502811
0.502099
0.492832
0.489915
0.49127
0.491347
0.497609
0.495248
0.494918
0.498019
0.499073
0.497011
0.496646
0.497264
0.499677
0.500996
0.499636
0.501734
0.501589
0.501902
0.502371
0.502156
0.502635
0.501842
0.501514
0.50121
0.501757
0.502461
0.502519
0.50444
0.503846
0.5047
0.504684
0.505034
0.50664
0.50729
0.507833
0.507681
0.506282
0.507567
0.507998
0.507404
0.506862
0.506346
0.506307
0.506202
0.50641
0.506289
0.505971
0.50672
0.507038
0.507156
0.507445
0.507162
0.507523
0.507381
0.507483
0.507486
0.507676
0.508047
0.507665
0.507339
0.507546
0.507789
0.508748
0.508508
0.508971
0.510015
0.51091
0.510562
0.510666
0.510594
0.510374
0.510534
0.510739
0.510713
0.510991
0.510725
0.511147
0.511351
0.511139
0.511258
0.511113
0.511167
0.511057
0.511305
0.511034
0.510638
0.510607
0.510715
0.510879
0.510377
0.509861
0.509807
0.50987
0.509911
0.510248
0.510567
0.510656
0.510651
0.510672
0.510053
0.510102
0.510681
0.510393
0.51028
0.510723
0.510406
0.510365
0.510568
0.510315
0.510241
0.510167
0.510425
0.510566
0.510904
0.510986
0.51096
0.510741
0.510323
0.509583
0.509435
0.509066
0.509009
0.508776
0.508425
0.508675
0.508816
0.508712
0.508961
0.509069
0.509198
0.509363
0.509273
0.509245
0.509066
0.508925
0.508723
0.508944
0.509107
0.509015
0.509027
0.509434
0.509392
0.509173
0.508937
0.50894
0.508527
0.508298
0.508509
0.508628
0.508715
0.508308
0.508232
0.508281
0.508342
0.508282
0.508047
0.507771
0.507955
0.50776
0.507869
0.507651
0.507732
0.507581
0.507706
0.507785
0.507853
0.508193
0.508413
0.508414
0.508444
0.508658
0.508603
0.508554
0.50854
0.508469
0.508563
0.50865
0.508513
0.508685
0.508637
0.508605
0.508448
0.508292
