0.0337972
0.195631
0.272668
0.312775
0.336775
0.358
0.382177
0.401792
0.415119
0.42724
0.427805
0.431513
0.43502
0.439793
0.444014
0.447683
0.450319
0.453873
0.45796
0.461465
0.464787
0.467574
0.470871
0.473879
0.476943
0.478006
0.480601
0.48278
0.485325
0.487732
0.488646
0.489415
0.490228
0.491885
0.493163
0.494894
0.497151
0.498152
0.499488
0.498764
0.500523
0.500703
0.502314
0.503609
0.504469
0.505558
0.506814
0.506964
0.507937
0.509205
0.509865
0.511805
0.512838
0.513568
0.514029
0.514972
0.515699
0.516848
0.518153
0.519052
0.520114
0.520908
0.521322
0.522534
0.523211
0.523675
0.524568
0.52531
0.526205
0.52695
0.527653
0.52842
0.528996
0.529642
0.530208
0.531362
0.53195
0.533213
0.533957
0.53418
0.534703
0.535153
0.535731
0.536958
0.537048
0.537255
0.536747
0.537469
0.537855
0.53843
0.538851
0.538894
0.539419
0.539703
0.540126
0.540633
0.540631
0.541316
0.542043
0.542264
0.542382
0.542854
0.543231
0.543232
0.543485
0.543774
0.544059
0.54426
0.544682
0.544836
0.544999
0.54527
0.546016
0.546302
0.546236
0.546534
0.546821
0.547227
0.547575
0.547658
0.547591
0.54758
0.547865
0.548254
0.548362
0.548532
0.54847
0.548479
0.548573
0.548841
0.549318
0.549333
0.549441
0.54944
0.549499
0.549759
0.55025
0.550392
0.550662
0.551095
0.551095
0.551309
0.551407
0.551766
0.551946
0.552045
0.552242
0.552185
0.552442
0.552326
0.552512
0.55254
0.552702
0.552901
0.553118
0.553165
0.553151
0.553255
0.553557
0.553805
0.553829
0.553796
0.554403
0.554561
0.554654
0.555035
0.555015
0.55529
0.555421
0.555782
0.555665
0.555902
0.556252
0.556204
0.556248
0.55639
0.55675
0.557029
0.55719
0.557119
0.557289
0.557468
0.557334
0.557442
0.557694
0.557984
0.558278
0.558334
0.558361
0.558431
0.55822
0.558235
0.558211
0.558233
0.558387
0.55853
0.558928
0.559266
0.559086
