0.00402414
0.0986908
0.146978
0.184466
0.207091
0.228
0.246356
0.263871
0.27748
0.283495
0.292415
0.301491
0.305221
0.309592
0.314642
0.318032
0.321736
0.326501
0.331002
0.332854
0.337903
0.342286
0.347063
0.349391
0.35216
0.355146
0.35813
0.35969
0.361972
0.364859
0.368025
0.369824
0.372319
0.374619
0.376394
0.37838
0.380403
0.382381
0.384247
0.386479
0.386984
0.387164
0.388517
0.390047
0.391346
0.392321
0.394037
0.394809
0.396738
0.398283
0.399339
0.3991
0.400411
0.401204
0.402248
0.402849
0.40424
0.405092
0.406819
0.407578
0.408062
0.408509
0.408694
0.409405
0.410439
0.41125
0.411931
0.412947
0.413652
0.414033
0.414062
0.414972
0.415767
0.416271
0.416664
0.416488
0.417029
0.417909
0.418671
0.418933
0.419763
0.419528
0.420129
0.42074
0.420974
0.421632
0.421921
0.422054
0.421964
0.42243
0.423231
0.423941
0.424304
0.42464
0.424739
0.425304
0.42603
0.425821
0.426665
0.427248
0.427292
0.427336
0.428345
0.4283
0.429059
0.429576
0.430191
0.43072
0.430792
0.431365
0.431741
0.432584
0.433069
0.43344
0.434059
0.434642
0.434697
0.434821
0.435309
0.436096
0.436356
0.436438
0.436873
0.437748
0.438393
0.43865
0.438691
0.439291
0.439407
0.43912
0.439354
0.4398
0.440244
0.440359
0.440384
0.440999
0.441153
0.441731
0.441901
0.442322
0.442295
0.442387
0.44252
0.442875
0.443277
0.443445
0.443846
0.443914
0.443993
0.444195
0.444289
0.444455
0.444575
0.444974
0.44517
0.445362
0.445944
0.446035
0.446729
0.446954
0.447186
0.447171
0.447386
0.447517
0.44773
0.448033
0.44842
0.448546
0.448817
0.448896
0.449163
0.449327
0.449701
0.449629
0.449791
0.450074
0.450282
0.450753
0.450846
0.450931
0.451028
0.451102
0.451381
0.451533
0.451588
0.451562
0.451504
0.451455
0.451626
0.45194
0.45212
0.452261
0.452556
0.452673
0.452542
0.452794
0.452949
0.452873
0.452945
