0.504823
0.483516
0.498975
0.5
0.499086
0.504815
0.509154
0.510824
0.509817
0.510483
0.513774
0.515427
0.519038
0.517279
0.516168
0.516523
0.515636
0.517241
0.518381
0.517882
0.516893
0.517521
0.517702
0.517506
0.51744
0.516771
0.516034
0.516252
0.516471
0.514161
0.514059
0.513716
0.512406
0.513262
0.513373
0.513122
0.51209
0.510775
0.511125
0.510879
0.511484
0.511287
0.511144
0.51078
0.510328
0.511019
0.511163
0.510278
0.51034
0.510992
0.510533
0.510079
0.508554
0.50916
0.509158
0.508995
0.508467
0.509175
0.509788
0.509671
0.509012
0.509012
0.508539
0.508632
0.50903
0.50881
0.509512
0.509598
0.509779
0.510152
0.510576
0.510759
0.511283
0.511965
0.512349
0.512146
0.512574
0.513196
0.513074
0.513161
0.51366
0.513918
0.514092
0.513444
0.513829
0.514171
0.51415
0.514254
0.514501
0.51464
0.514454
0.514599
0.514603
0.514661
0.514356
0.514549
0.514431
0.514911
0.515113
0.515291
0.514936
0.515338
0.51519
0.515055
0.515022
0.515067
0.514825
0.514483
0.514677
0.514929
0.514523
0.514588
0.514918
0.51466
0.515048
0.515216
0.515193
0.515292
0.515327
0.515334
0.51516
0.514694
0.515069
0.515143
0.51516
0.51531
0.515619
0.515445
0.515479
0.515271
0.515203
0.515054
0.515093
0.515014
0.514825
0.51466
0.514515
0.514359
0.514435
0.514484
0.51483
0.514811
0.514748
0.515227
0.514867
0.514715
0.51452
0.514379
0.514414
0.514297
0.514183
0.514134
0.514098
0.514396
0.513993
0.513992
0.513868
0.514065
0.514018
0.513928
0.513666
0.513552
0.513709
0.513447
0.513326
0.513452
0.513274
0.513046
0.513192
0.513156
0.5129
0.512937
0.512969
0.51303
0.51326
0.513206
0.513193
0.513391
0.513655
0.513589
0.513409
0.513279
0.51312
0.513284
0.513364
0.513694
0.513962
0.514041
0.513907
