0.222433
0.301682
0.31495
0.3285
0.342663
0.358889
0.37087
0.379059
0.382804
0.388545
0.391109
0.392769
0.399134
0.401868
0.402667
0.403141
0.403904
0.407533
0.407384
0.409691
0.41041
0.413391
0.414371
0.415645
0.41573
0.416827
0.419256
0.420031
0.422055
0.422376
0.422793
0.422962
0.423613
0.424249
0.425873
0.426774
0.427939
0.427496
0.427967
0.428485
0.429329
0.429789
0.430302
0.431138
0.432102
0.433264
0.43321
0.434178
0.43445
0.434169
0.4349
0.43565
0.436165
0.436752
0.437019
0.437559
0.438157
0.438529
0.438768
0.439553
0.440259
0.440682
0.441291
0.441439
0.441405
0.441477
0.44156
0.441764
0.441963
0.442601
0.442867
0.442977
0.443274
0.443772
0.444574
0.445534
0.4453
0.446196
0.446406
0.446939
0.447263
0.447319
0.447658
0.447551
0.447604
0.448148
0.448463
0.448371
0.449088
0.449606
0.450504
0.450576
0.451302
0.451907
0.452155
0.452444
0.452781
0.45293
0.453165
