0.548523
0.532861
0.523746
0.5425
0.541016
0.541653
0.539642
0.538863
0.540565
0.538184
0.537985
0.541961
0.540568
0.541863
0.542115
0.541138
0.540231
0.542177
0.54331
0.543304
0.543593
0.544508
0.544406
0.547213
0.54797
0.547773
0.548875
0.548897
0.548537
0.548744
0.549805
0.550642
0.550907
0.550302
0.550775
0.551556
0.552248
0.552944
0.553343
0.553152
0.552984
0.552845
0.553378
0.55339
0.553606
0.553315
0.553809
0.554966
0.555318
0.555388
0.555197
0.554942
0.555174
0.555578
0.555633
0.556291
0.557116
0.557475
0.557197
0.556766
0.557104
0.557293
0.556699
0.556509
0.55683
0.557055
0.556718
0.556901
0.557013
0.556875
0.556976
0.557006
0.55723
0.557448
0.557423
0.557592
0.557539
0.557209
0.557474
0.557436
0.55748
0.558091
0.557664
0.558008
0.558033
0.557827
0.557594
0.557517
0.557305
0.557677
0.558119
0.557961
0.558294
0.558079
0.557693
0.557682
0.557596
0.557972
0.558078
