0.559172
0.522796
0.517964
0.513554
0.502759
0.503027
0.504079
0.509263
0.509593
0.502279
0.500828
0.50732
0.507501
0.508852
0.506435
0.503162
0.502798
0.503326
0.503313
0.502378
0.504362
0.505828
0.502118
0.501141
0.502547
0.501632
0.501458
0.502653
0.502454
0.502167
0.502535
0.503865
0.504568
0.504389
0.503623
0.503484
0.503631
0.503744
0.503137
0.503407
0.504275
0.503703
0.503969
0.503942
0.504893
0.505215
0.504839
0.50402
0.504067
0.504648
0.504556
0.504897
0.50401
0.503847
0.503946
0.504251
0.503935
0.504231
0.504488
0.504289
0.504807
0.504684
0.505017
0.50414
0.504792
0.50495
0.504699
0.504785
0.504713
0.505033
0.50541
0.504768
0.504769
0.505174
0.505529
0.505174
0.50573
0.505158
0.50523
0.5052
0.504747
0.50515
0.505131
0.505391
0.505468
0.50588
0.50559
0.505747
0.505566
