0.272912
0.170931
0.149932
0.143939
0.139544
0.138352
0.134588
0.135927
0.136823
0.137505
0.139214
0.139527
0.141563
0.14297
0.143912
0.143574
0.144279
0.144407
0.143446
0.143132
0.144626
0.145594
0.146268
0.146643
0.147743
0.1479
0.148952
0.149758
0.150668
0.150775
0.152023
0.152077
0.153193
0.153451
0.154524
0.154957
0.155284
0.15569
0.156053
0.156184
0.156508
0.157741
0.158026
0.158242
0.158651
0.159361
0.159899
0.160997
0.161351
0.161733
0.162537
0.163448
0.164316
0.164603
0.165635
0.166928
0.167374
0.168161
0.168661
0.169059
0.16962
0.169812
0.1705
0.171271
0.172007
0.172454
0.172957
0.173305
0.174393
0.175356
0.175963
0.177122
0.178016
0.178611
0.179362
0.180321
0.180997
0.181188
0.181834
0.182268
0.183216
0.184293
0.184728
0.185338
0.185732
0.18644
0.187474
0.188327
0.188883
0.190018
0.190244
0.190658
0.191792
0.192814
0.193353
0.193682
0.194378
0.194844
0.195549
