0.133595
0.0733138
0.0602883
0.0539604
0.052321
0.0530973
0.0555712
0.0549233
0.0595735
0.0604504
0.0597846
0.0613561
0.0638999
0.0644258
0.0650118
0.0657561
0.0681236
0.0691078
0.070208
0.0708774
0.0727023
0.0745725
0.0754637
0.0766303
0.0778419
0.0797729
0.0809853
0.0814775
0.0819715
0.0829706
0.0839688
0.0852763
0.0856558
0.0865068
0.0877888
0.0889472
0.0904877
0.0920485
0.0931736
0.0947495
0.0966313
0.0987442
0.100305
0.101219
0.102638
0.103426
0.103644
0.104549
0.106324
0.107813
0.108578
0.10953
0.109737
0.109978
0.110696
0.110931
0.11139
0.112272
0.113387
0.114167
0.115177
0.115965
0.1167
0.117647
0.118584
0.119315
0.12008
0.120654
0.121367
0.122138
0.122882
0.124017
0.125014
0.125602
0.126594
0.127958
0.128857
0.129508
0.130069
0.131132
0.131442
0.131886
0.132746
0.133542
0.133845
0.134744
0.135259
0.13613
0.137061
0.137944
0.138486
0.138772
0.139716
0.140322
0.140872
0.141574
0.142531
0.143006
0.143562
