0.553125
0.557453
0.55176
0.537549
0.538221
0.531672
0.534605
0.533951
0.538514
0.541462
0.538376
0.540172
0.535185
0.528995
0.529494
0.526296
0.522602
0.519074
0.517023
0.514973
0.516472
0.516538
0.517638
0.517891
0.517831
0.518596
0.519259
0.51958
0.518825
0.519153
0.521077
0.522229
0.522606
0.523372
0.52343
0.524499
0.524908
0.524717
0.525338
0.525769
0.525888
0.524574
0.523856
0.524247
0.523742
0.523175
0.522887
0.522581
0.522911
0.522931
0.522986
0.522818
0.523038
0.523436
0.523768
0.523212
0.523597
0.523951
0.524418
0.524747
0.525006
0.525748
0.525938
0.525797
0.52569
0.525567
0.52521
0.525862
0.525753
0.525329
0.52513
0.525752
0.526167
0.526354
0.526205
0.525727
0.526458
0.526416
0.525621
0.525349
0.525348
0.525287
0.525423
0.52546
0.525095
0.525403
0.525733
0.525866
0.525547
