0.00197239
0.0158573
0.0229961
0.0297177
0.0335703
0.0388963
0.041476
0.0450789
0.0482574
0.0508952
0.0531655
0.0544747
0.0558706
0.0582111
0.0583196
0.0607143
0.0629256
0.0648016
0.0664336
0.0689158
0.0700762
0.0723053
0.074349
0.0769071
0.0786573
0.07923
0.0801878
0.080865
0.0816147
0.0830838
0.0846583
0.0864038
0.0877248
0.0891249
0.0903303
0.0907961
0.0922912
0.0940742
0.0957049
0.0971482
0.0979217
0.0983135
0.100338
0.100637
0.101392
0.102032
0.103476
0.10446
0.105386
0.106128
0.107391
0.107684
0.107953
0.109449
0.110684
0.111547
0.112941
0.114206
0.114959
0.115805
0.116627
0.116924
0.117696
0.118131
0.119159
0.120462
0.121689
0.122409
0.122642
0.123692
0.124809
0.125668
0.126536
0.127196
0.127875
0.128882
0.129663
0.130162
0.131111
0.131877
0.132791
0.133051
0.133929
0.134899
0.135971
0.1371
0.137867
0.138402
0.139267
0.140205
0.140758
0.14107
0.141526
0.142232
0.142959
0.144263
0.14473
0.145657
0.146659
0.147115
0.147701
0.1482
0.148475
0.149049
0.149663
0.150269
0.150523
0.150955
0.151878
0.152653
0.153105
0.153561
0.154131
0.154574
0.155186
0.155691
0.156267
0.157078
0.157599
0.158519
0.158644
0.159084
0.159356
0.159931
0.16038
0.16081
0.160931
0.161459
0.16203
0.162622
0.163396
0.164014
0.164804
0.165353
0.165682
0.166183
0.166656
0.16714
0.167593
0.168218
0.168913
0.16935
0.169819
0.169995
0.1705
0.170613
0.171056
0.171103
0.17162
0.172329
0.173056
0.173261
0.173655
0.174284
0.174846
0.175404
0.175986
0.176476
0.176896
0.177346
0.178101
0.178525
0.178997
0.179403
0.17982
0.180209
0.180581
0.181051
0.181413
0.181921
0.182412
0.182707
0.183053
0.183497
0.183737
0.184063
0.184684
0.185191
0.18566
0.18605
0.186544
0.186979
0.187464
0.187812
0.188345
0.18871
0.189056
0.189461
0.189736
0.190159
0.190789
0.191142
0.19178
0.192362
0.192602
0.192915
0.193162
0.193628
0.193769
