0.0344828
0.215943
0.26184
0.290257
0.305511
0.304813
0.306221
0.307212
0.311008
0.316166
0.318224
0.320155
0.322629
0.326165
0.329022
0.329926
0.331431
0.332856
0.334621
0.33421
0.334481
0.335355
0.336492
0.33738
0.339396
0.340966
0.340926
0.340734
0.342355
0.343296
0.344925
0.345455
0.346562
0.347035
0.347473
0.347766
0.347251
0.348258
0.349215
0.349914
0.351357
0.352199
0.351768
0.352393
0.352752
0.353379
0.354383
0.353804
0.35379
0.354222
0.354338
0.35538
0.356201
0.356807
0.357776
0.358337
0.358717
0.36004
0.360865
0.361362
0.362298
0.362492
0.362633
0.362734
0.363226
0.363945
0.365119
0.364892
0.364807
0.365272
0.365607
0.366745
0.366933
0.367765
0.367871
0.368573
0.369019
0.369634
0.37003
0.370412
0.370676
0.371504
0.371837
0.372129
0.372438
0.373567
0.374273
0.374677
0.375068
0.374893
0.375803
0.37571
0.376097
0.37653
0.37703
0.377508
0.378001
0.378388
0.378639
0.378966
0.379359
0.379946
0.380177
0.380373
0.380691
0.38064
0.380502
0.380923
0.3809
0.380822
0.381272
0.381641
0.381757
0.382188
0.382809
0.383198
0.383423
0.383738
0.383853
0.384419
0.384399
0.384672
0.384713
0.384881
0.385069
0.385271
0.385478
0.385884
0.386098
0.386731
0.386979
0.387292
0.387565
0.387753
0.388355
0.38866
0.388798
0.389265
0.389556
0.389813
0.390049
0.390763
0.391193
0.391686
0.391956
0.392413
0.392354
0.392828
0.392958
0.393026
0.393485
0.393686
0.394172
0.394214
0.394558
0.394721
0.395076
0.395401
0.395623
0.395964
0.396279
0.396673
0.396951
0.396951
0.396972
0.39717
0.397568
0.398038
0.398538
0.398874
0.39923
0.399054
0.399225
0.399435
0.399649
0.399747
0.399974
0.400204
0.400468
0.400946
0.401413
0.401688
0.402117
0.402234
0.402538
0.402657
0.402795
0.402906
0.403241
0.403483
0.403757
0.403903
0.404326
0.404652
0.404876
0.405122
0.405346
0.405417
0.40583
