0.537975
0.535878
0.525441
0.548062
0.534855
0.535787
0.531535
0.527915
0.526954
0.529625
0.528682
0.530479
0.531402
0.530994
0.531666
0.531031
0.528379
0.53029
0.529806
0.529911
0.528971
0.529549
0.527701
0.527213
0.526776
0.524762
0.523122
0.523876
0.522509
0.523656
0.525037
0.524697
0.524608
0.524551
0.522975
0.523029
0.523966
0.524253
0.525303
0.52532
0.524682
0.523964
0.52388
0.522643
0.523816
0.522921
0.523047
0.522291
0.5221
0.521277
0.521286
0.520501
0.52165
0.520559
0.520195
0.520376
0.520074
0.519813
0.519058
0.517797
0.517807
0.517699
0.518117
0.517959
0.517733
0.517607
0.517522
0.518078
0.518145
0.518119
0.517839
0.517872
0.518096
0.517764
0.51768
0.517681
0.516986
0.517233
0.516702
0.516895
0.516513
0.516123
0.515235
0.515403
0.515504
0.51606
0.516046
0.516503
0.516263
0.516097
0.516279
0.515727
0.515474
0.515511
0.515959
0.515795
0.51615
0.515737
0.515525
0.515748
0.515786
0.51566
0.515604
0.515801
0.516257
0.516024
0.516141
0.51667
0.516512
0.516506
0.516277
0.515838
0.515846
0.516276
0.51643
0.516609
0.516589
0.516761
0.516457
0.516608
0.516609
0.516656
0.516265
0.515986
0.515986
0.515718
0.515777
0.515586
0.515578
0.515632
0.515282
0.515498
0.515829
0.515786
0.515596
0.515642
0.515485
0.51538
0.515334
0.515503
0.515637
0.515549
0.515597
0.515664
0.515794
0.516008
0.515545
0.515902
0.515765
0.515982
0.515786
0.515797
0.51574
0.515572
0.515459
0.515421
0.5153
0.51506
0.515058
0.515047
0.515086
0.515248
0.515139
0.515124
0.515333
0.515412
0.515447
0.515497
0.515521
0.515738
0.515645
0.515774
0.515918
0.515993
0.515917
0.515759
0.515744
0.515526
0.515755
0.515712
0.515649
0.515899
0.515886
0.515872
0.515864
0.515695
0.515682
0.515536
0.51574
