0.0121457
0.287537
0.333768
0.348963
0.368234
0.378468
0.383093
0.39152
0.402606
0.407136
0.412521
0.415786
0.420703
0.425688
0.428273
0.432086
0.434552
0.435241
0.436729
0.439741
0.442215
0.44485
0.446633
0.448608
0.449578
0.451158
0.452969
0.454337
0.455594
0.457256
0.458183
0.459764
0.460982
0.462562
0.46438
0.465695
0.466528
0.467526
0.469107
0.470655
0.472184
0.474303
0.475177
0.475353
0.475201
0.477404
0.47795
0.478556
0.479329
0.480683
0.48189
0.482597
0.482999
0.483819
0.485232
0.487221
0.487648
0.488079
0.488328
0.488537
0.489001
0.489556
0.491478
0.492388
0.492928
0.493635
0.494201
0.494347
0.49485
0.495665
0.496467
0.497646
0.498311
0.499091
0.500056
0.501089
0.501294
0.501009
0.501352
0.50197
0.502519
0.502958
0.50335
0.503699
0.504789
0.505231
0.505792
0.506454
0.506945
0.507597
0.5078
0.508164
0.508669
0.508949
0.509088
0.509255
0.509283
0.50967
0.50951
0.510068
0.510481
0.511143
0.511653
0.512007
0.51225
0.512475
0.512283
0.512884
0.513218
0.512864
0.512804
0.513522
0.513544
0.513915
0.514285
0.514842
0.515025
0.515398
0.515795
0.516011
0.516452
0.516602
0.516988
0.517021
0.516939
0.517225
0.517883
0.517873
0.51822
0.518612
0.518708
0.51937
0.519521
0.520129
0.52035
0.520889
0.521002
0.521225
0.521584
0.521773
0.521927
0.521986
0.522221
0.522514
0.522669
0.523095
0.523372
0.523318
0.523169
0.523504
0.523694
0.523951
0.523889
0.524172
0.524429
0.524465
0.524732
0.524799
0.524861
0.525014
0.525147
0.525111
0.525212
0.525331
0.525482
0.52561
0.525734
0.525825
0.525894
0.525556
0.525705
0.525922
0.52609
0.526593
0.526786
0.52692
0.527026
0.527265
0.527283
0.527442
0.527724
0.528116
0.528122
0.528323
0.528607
0.528751
0.529183
0.529331
0.529499
0.52976
0.529859
0.529922
0.530233
0.530288
0.530393
0.530326
0.530383
0.53032
0.530253
