0.00197628
0.0978593
0.139154
0.170213
0.193196
0.219044
0.226105
0.240484
0.246422
0.253078
0.261321
0.267886
0.271309
0.275538
0.2823
0.286742
0.293118
0.297102
0.299887
0.303238
0.305281
0.307804
0.310482
0.312604
0.315125
0.318129
0.320898
0.322924
0.326033
0.329168
0.33175
0.333711
0.335875
0.338137
0.341011
0.342159
0.344552
0.346106
0.347639
0.348452
0.350319
0.352386
0.354962
0.35682
0.358724
0.360014
0.36127
0.361839
0.362292
0.363309
0.364421
0.365479
0.36662
0.36771
0.368242
0.368876
0.369223
0.36915
0.370783
0.371826
0.373201
0.374374
0.375655
0.376936
0.378257
0.37905
0.379948
0.380446
0.381438
0.38236
0.383725
0.384289
0.384932
0.385652
0.385953
0.386051
0.386883
0.388076
0.38894
0.389646
0.390133
0.390601
0.390938
0.392256
0.393689
0.394123
0.394843
0.395553
0.39619
0.396467
0.396599
0.397161
0.398052
0.398151
0.399202
0.399751
0.400041
0.400245
0.400611
0.401262
0.401916
0.402469
0.403125
0.403928
0.404478
0.405118
0.405599
0.406171
0.406543
0.407256
0.407707
0.408051
0.408662
0.408963
0.409272
0.409394
0.409496
0.410344
0.410547
0.411199
0.41135
0.412068
0.412403
0.412696
0.412928
0.413171
0.413726
0.414489
0.414891
0.41552
0.415831
0.415808
0.415952
0.416059
0.416368
0.4164
0.416131
0.41681
0.41729
0.41779
0.41824
0.418756
0.419231
0.41965
0.419619
0.420204
0.420476
0.420704
0.420625
0.421018
0.421285
0.42138
0.42156
0.421639
0.421633
0.421493
0.421787
0.421914
0.422382
0.422894
0.422794
0.422901
0.4233
0.423801
0.423831
0.423979
0.424192
0.424384
0.424853
0.42495
0.425215
0.42545
0.425352
0.425613
0.42577
0.425859
0.42622
0.426477
0.426894
0.42697
0.427442
0.427817
0.427823
0.427779
0.42787
0.428041
0.428444
0.4285
0.428797
0.429046
0.428932
0.429153
0.429435
0.429358
0.429755
0.430225
0.43038
0.430478
0.430735
