0.546547
0.545586
0.540514
0.528132
0.53071
0.524728
0.522776
0.516586
0.515584
0.517293
0.514401
0.512668
0.51248
0.510978
0.510164
0.510563
0.510612
0.512648
0.513037
0.514452
0.511694
0.514967
0.515006
0.513766
0.512854
0.510912
0.511118
0.510189
0.50917
0.508628
0.508852
0.510082
0.51026
0.509965
0.51058
0.510842
0.511295
0.511188
0.511719
0.511987
0.510957
0.511704
0.512412
0.512677
0.512368
0.512104
0.511036
0.511746
0.511691
0.512094
0.512401
0.512475
0.512336
0.512722
0.512434
0.511822
0.511694
0.512097
0.512255
0.512714
0.512995
0.513001
0.513208
0.513578
0.512818
0.512857
0.512596
0.512607
0.512499
0.512214
0.512415
0.512709
0.512219
0.511842
0.512262
0.512089
0.512135
0.512178
0.512308
0.511789
0.511664
0.511643
0.512087
0.51169
0.511635
0.511482
0.511159
0.510983
0.511045
0.510952
0.51072
0.510715
0.510284
0.509903
0.509844
0.509807
0.509651
0.509647
0.509626
0.509735
0.510062
0.509626
0.509713
0.510139
0.510324
0.510556
0.510373
0.510555
0.510365
0.509875
0.509695
0.509756
0.509764
0.509994
0.510278
0.5103
0.510979
0.511274
0.51163
0.511473
0.511591
0.511421
0.511169
0.51097
0.510877
0.510702
0.510745
0.511098
0.511118
0.510957
0.510958
0.510648
0.510744
0.510821
0.510718
0.510801
0.510828
0.511165
0.51068
0.510313
0.510378
0.51023
0.51018
0.510333
0.510514
0.510525
0.510423
0.51064
0.51027
0.510141
0.510015
0.510037
0.510157
0.509779
0.509783
0.509488
0.509467
0.509206
0.509184
0.50914
0.508991
0.509112
0.508997
0.509166
0.50923
0.50923
0.509209
0.509225
0.508903
0.508773
0.509124
0.509093
0.509097
0.508912
0.508932
0.508808
0.50893
0.508876
0.508784
0.508787
0.508986
0.508928
0.508871
0.508798
0.508549
0.508582
0.508552
0.508498
0.508445
