0.00194175
0.0172414
0.030401
0.0365497
0.0470451
0.0552846
0.0610708
0.0653931
0.0696367
0.073275
0.0754476
0.0782728
0.0821114
0.0837209
0.0873414
0.0889484
0.0901507
0.0922998
0.095682
0.097495
0.099785
0.101132
0.102305
0.103613
0.105304
0.104635
0.106979
0.108997
0.110754
0.112649
0.114326
0.116116
0.117638
0.120918
0.122517
0.124096
0.125884
0.1273
0.128729
0.130161
0.130522
0.131382
0.132154
0.132968
0.135158
0.135851
0.137655
0.138784
0.139505
0.14126
0.142493
0.144147
0.145218
0.145963
0.146783
0.147832
0.149287
0.150655
0.152192
0.153635
0.154676
0.1552
0.156146
0.157209
0.158
0.159259
0.160096
0.160802
0.161502
0.162565
0.163555
0.164575
0.165405
0.16605
0.167561
0.168592
0.169666
0.169937
0.171273
0.172595
0.173085
0.174
0.174884
0.175788
0.177373
0.178261
0.179327
0.179834
0.18097
0.181927
0.182835
0.183715
0.18465
0.185964
0.186665
0.187507
0.188548
0.18886
0.189731
0.190461
0.191045
0.191702
0.192658
0.193202
0.194029
0.195041
0.195849
0.196382
0.196785
0.19786
0.198275
0.199684
0.200268
0.200838
0.201542
0.20217
0.202755
0.2034
0.204046
0.20463
0.205044
0.205656
0.206268
0.206897
0.20741
0.208166
0.208686
0.20911
0.209947
0.210632
0.211648
0.212197
0.213249
0.213775
0.214612
0.21532
0.21598
0.216591
0.217103
0.217597
0.217941
0.218549
0.218799
0.219559
0.220299
0.220882
0.221566
0.222305
0.22284
0.223211
0.223939
0.224305
0.224846
0.22558
0.226223
0.226668
0.227523
0.227636
0.228533
0.229093
0.229633
0.230106
0.230632
0.2312
0.231764
0.232008
0.232446
0.232867
0.233247
0.233785
0.234361
0.234788
0.235237
0.235889
0.236304
0.236989
0.237133
0.237395
0.237963
0.238215
0.23884
0.239418
0.240063
0.240537
0.241086
0.241696
0.242286
0.242665
0.242959
0.243569
0.244072
0.244486
0.244602
0.245043
0.245448
0.245805
0.246356
0.246595
0.247044
