0.0329897
0.17887
0.22696
0.24846
0.264827
0.280684
0.289104
0.296145
0.301645
0.310608
0.311934
0.314959
0.317232
0.319321
0.323782
0.325382
0.32691
0.329837
0.332866
0.331904
0.332824
0.335673
0.337035
0.339335
0.34051
0.339723
0.341821
0.34181
0.343438
0.343548
0.34617
0.347564
0.34886
0.350892
0.352611
0.353768
0.35441
0.355914
0.357108
0.358534
0.359618
0.361043
0.362378
0.36376
0.365036
0.365134
0.366501
0.366854
0.366685
0.367422
0.368207
0.369768
0.371348
0.372069
0.372897
0.37306
0.374186
0.374506
0.374828
0.375945
0.376748
0.377032
0.377687
0.378048
0.379645
0.380323
0.381137
0.381991
0.382389
0.383273
0.383894
0.385044
0.38648
0.386666
0.387197
0.38797
0.387828
0.388452
0.389213
0.390012
0.390816
0.391494
0.39175
0.392421
0.392637
0.393137
0.393826
0.394115
0.394778
0.395475
0.396049
0.396525
0.397067
0.397631
0.397746
0.398281
0.398765
0.399895
0.400486
0.401284
0.401579
0.401896
0.402208
0.402073
0.40229
0.40284
0.403288
0.403567
0.404095
0.404486
0.404691
0.404924
0.405097
0.405292
0.405792
0.406352
0.406824
0.406867
0.406939
0.406997
0.407411
0.407549
0.407834
0.408395
0.40893
0.409373
0.409884
0.41027
0.410647
0.411163
0.411369
0.41192
0.411906
0.412391
0.412174
0.412601
0.412842
0.413169
0.413398
0.413548
0.413473
0.414053
0.414178
0.414323
0.414838
0.415165
0.415072
0.41539
0.41556
0.415827
0.415885
0.416458
0.416801
0.417048
0.417172
0.417288
0.417556
0.417578
0.417987
0.418378
0.418894
0.419406
0.419883
0.420117
0.420626
0.42093
0.421402
0.421889
0.422089
0.422386
0.422929
0.423179
0.423694
0.423891
0.424056
0.424142
0.42433
0.42465
0.424904
0.425276
0.425288
0.425481
0.425807
0.425999
0.426327
0.426704
0.427298
0.427467
0.427326
0.427697
0.427782
0.428218
0.428476
0.428915
0.429079
0.429535
0.429777
0.430118
0.4301
