0.530973
0.514881
0.516602
0.508425
0.510024
0.509109
0.50828
0.506691
0.509145
0.507803
0.509584
0.508164
0.511013
0.514219
0.514497
0.515669
0.514921
0.514092
0.513891
0.516206
0.514196
0.513683
0.512546
0.510936
0.510202
0.511389
0.511558
0.510684
0.511642
0.512093
0.511655
0.512127
0.511027
0.509814
0.510401
0.509952
0.510685
0.510339
0.510849
0.509993
0.508791
0.508793
0.509662
0.508115
0.508571
0.507633
0.507429
0.50712
0.506541
0.506087
0.505497
0.505942
0.506261
0.506233
0.506477
0.506714
0.507049
0.506563
0.506856
0.5065
0.505701
0.506405
0.506611
0.506411
0.506313
0.505967
0.506014
0.505773
0.505989
0.506627
0.506838
0.506643
0.507023
0.507182
0.507749
0.507751
0.507953
0.508064
0.507825
0.507771
0.507712
0.507877
0.507963
0.508119
0.507743
0.507615
0.507781
0.507114
0.507277
0.506845
0.506915
0.506954
0.50725
0.5076
0.507203
0.5073
0.507306
0.507831
0.50739
0.507601
0.507067
0.50719
0.507416
0.507566
0.507728
0.507931
0.5079
0.50784
0.507466
0.50725
0.507643
0.508158
0.508299
0.507959
0.507715
0.507646
0.507716
0.507737
0.507751
0.50795
0.507701
0.50743
0.507164
0.507569
0.507582
0.507595
0.507567
0.507575
0.507701
0.507653
0.507766
0.50767
0.507826
0.508114
0.508734
0.508892
0.509314
0.509376
0.509348
0.509602
0.509722
0.509537
0.50988
0.510075
0.509931
0.509985
0.510133
0.510096
0.510217
0.510198
0.510047
0.510142
0.510135
0.509957
0.51013
0.510128
0.510041
0.510397
0.510293
0.510255
0.510424
0.50999
0.509789
0.509647
0.509695
0.509652
0.509707
0.509778
0.509876
0.509667
0.50971
0.509747
0.509983
0.50965
0.509704
0.509667
0.509452
0.509416
0.509511
0.509336
0.509122
0.509342
0.509027
0.508744
0.508771
0.508669
0.508738
0.50889
0.508923
