0.0354906
0.2
0.236413
0.252383
0.265323
0.271559
0.275962
0.282686
0.284789
0.285657
0.288425
0.29034
0.293526
0.295241
0.294694
0.296222
0.297423
0.299882
0.300314
0.30193
0.303238
0.303945
0.304128
0.303824
0.306018
0.307536
0.308721
0.310734
0.311429
0.312473
0.312255
0.312784
0.31327
0.315372
0.315308
0.315967
0.317692
0.318252
0.31795
0.318476
0.319143
0.320186
0.320936
0.321121
0.321587
0.322722
0.322692
0.32221
0.322649
0.323312
0.323222
0.323688
0.325088
0.325631
0.325601
0.32664
0.327187
0.327617
0.328126
0.328761
0.32965
0.330462
0.330328
0.330733
0.331025
0.331059
0.331256
0.331624
0.3327
0.332908
0.332992
0.333476
0.333781
0.333523
0.334229
0.334931
0.335324
0.335886
0.335986
0.336142
0.336514
0.336401
0.33656
0.336816
0.337031
0.337254
0.337829
0.337982
0.337754
0.338168
0.338267
0.33832
0.338015
0.338673
0.339376
0.339441
0.340152
0.340507
0.341223
0.341319
0.341184
0.341983
0.342273
0.342478
0.342846
0.343539
0.343551
0.343695
0.343899
0.343774
0.34386
0.343887
0.34405
0.344374
0.344402
0.344192
0.344367
0.344418
0.344686
0.34471
0.345167
0.345643
0.345498
0.345846
0.346215
0.346462
0.346699
0.3469
0.347181
0.347361
0.347714
0.348513
0.348641
0.348845
0.348937
0.349469
0.349636
0.349667
0.349909
0.34999
0.350106
0.350046
0.350252
0.350464
0.350633
0.350693
0.351024
0.351274
0.351073
0.351341
0.351531
0.351752
0.351991
0.35188
0.35196
0.352006
0.352443
0.35269
0.353096
0.353397
0.353908
0.354217
0.35437
0.354632
0.354854
0.355105
0.355201
0.355382
0.355567
0.355822
0.355843
0.35609
0.356344
0.356448
0.35652
0.356616
0.356994
0.35693
0.356957
0.357005
0.356954
0.357243
0.357286
0.357379
0.357449
0.357626
0.357706
0.357889
0.358241
0.358346
0.358545
0.358887
0.359117
0.359181
0.359215
0.359279
0.359366
0.359565
0.35969
