0
0.0106796
0.013089
0.0154459
0.0206349
0.0249754
0.0276602
0.0277365
0.0278576
0.0301518
0.0309047
0.0319635
0.0321885
0.032689
0.0336877
0.0345907
0.0357821
0.0373578
0.0382426
0.03891
0.0400868
0.0410025
0.0424313
0.0432466
0.0447732
0.0459139
0.0477345
0.0502304
0.050904
0.0521598
0.0531297
0.053956
0.0549131
0.0556151
0.0565601
0.0575718
0.0584092
0.0597077
0.060068
0.0608719
0.0618135
0.0623051
0.0633227
0.0640524
0.0646572
0.0648633
0.065043
0.0650844
0.0656184
0.0658777
0.0662241
0.0671752
0.0678773
0.0685691
0.069484
0.0705138
0.0706359
0.0713641
0.0718462
0.0723275
0.0727851
0.0733432
0.0737589
0.0742189
0.0750578
0.0754637
0.0763302
0.0769294
0.0778084
0.0786
0.0793099
0.0796785
0.0804053
0.0809649
0.081262
0.0820025
0.0824992
0.0829498
0.0837963
0.0838856
0.084551
0.0854423
0.0859958
0.0865011
0.0867705
0.0873013
0.087939
0.0883304
0.0888128
0.0890979
0.0897806
0.090359
0.0907666
0.0910612
0.0913993
0.09188
0.0920318
0.0924468
0.0927724
0.0930226
0.0936283
0.0935933
0.0941485
0.0944549
0.0948
0.0951451
0.095785
0.0963383
0.0963642
0.0970564
0.0971811
0.0975566
0.0981694
0.0988533
0.0992121
0.0995344
0.099963
0.10024
0.100794
0.10123
0.101488
0.101773
0.102315
0.10264
0.103207
0.103386
0.103776
0.103874
0.104217
0.104749
0.104834
0.104974
0.105321
0.105876
0.106301
0.106556
0.106789
0.107063
0.107355
0.107654
0.107907
0.108261
0.108906
0.10941
0.109906
0.110434
0.110932
0.111295
0.111551
0.111949
0.112116
0.112483
0.112848
0.112987
0.113351
0.113873
0.114159
0.114664
0.115037
0.115513
0.115901
0.116429
0.116813
0.11731
0.117698
0.117923
0.118424
0.118967
0.119138
0.119596
0.119995
0.120418
0.120696
0.120966
0.12143
0.121626
0.12211
0.122381
0.122649
0.123001
0.123266
0.12344
0.123886
0.124345
0.124797
0.125065
0.125228
0.12545
0.125638
0.126024
0.126339
0.126652
0.126909
0.127206
0.12739
0.127699
0.128003
0.128366
0.128773
