0.460177
0.454015
0.447082
0.446824
0.445762
0.439921
0.44583
0.447358
0.43946
0.435874
0.445272
0.449671
0.45329
0.45929
0.465402
0.467736
0.46959
0.472553
0.474698
0.4757
0.475615
0.478255
0.480797
0.482464
0.484969
0.487429
0.487197
0.486108
0.487668
0.488484
0.48927
0.489569
0.491686
0.492773
0.493878
0.493089
0.492861
0.493495
0.494319
0.494461
0.495109
0.495723
0.496671
0.496748
0.495949
0.496296
0.496208
0.49695
0.496952
0.497437
0.497901
0.498231
0.498208
0.497739
0.496796
0.497096
0.497464
0.497509
0.497755
0.49787
0.498176
0.49845
0.499022
0.49892
0.499722
0.499704
0.499753
0.499934
0.500109
0.50073
0.500529
0.500188
0.500473
0.500061
0.50028
0.500613
0.500663
0.501194
0.501065
0.500901
0.500705
0.501594
0.501303
0.501287
0.501554
0.501623
0.50176
0.502423
0.501788
0.501985
0.501601
0.501469
0.500743
0.500304
0.500743
0.501189
0.501239
0.50115
0.5017
0.501668
0.501859
0.502164
0.502303
0.501979
0.502173
0.502775
0.50296
0.502933
0.503194
0.50352
0.504043
0.504638
0.504967
0.504901
0.504886
0.504416
0.504415
0.504441
0.504462
0.504837
0.50487
0.505687
0.505631
0.505851
0.505623
0.505458
0.505651
0.505771
0.505539
0.5052
0.504969
0.505247
0.505288
0.505631
0.505951
0.506428
0.506779
0.50714
0.507371
0.507201
0.507257
0.507366
0.507506
0.507496
0.507484
0.507577
0.507118
0.506949
0.507162
0.507181
0.507422
0.507484
0.507497
0.507741
0.507895
0.507854
0.50767
0.507824
0.508164
0.508235
0.5081
0.508022
0.50778
0.507552
0.507142
0.506863
0.506643
0.506569
0.506408
0.506631
0.506752
0.506528
0.506374
0.506249
0.506095
0.505796
0.505914
0.50578
0.505438
0.505516
0.505545
0.505408
0.505418
0.505264
0.505227
0.505279
0.505227
0.505233
0.505316
