0.206122
0.148335
0.132612
0.136317
0.142742
0.149318
0.154857
0.161469
0.16942
0.173108
0.175895
0.180691
0.1834
0.186935
0.193534
0.198976
0.202583
0.205966
0.208364
0.210923
0.215848
0.217973
0.219229
0.222715
0.226111
0.228582
0.232004
0.233089
0.237142
0.2411
0.245724
0.248554
0.251567
0.255599
0.257358
0.26
0.261314
0.263461
0.26519
0.266454
0.268408
0.269908
0.271275
0.273353
0.275804
0.277778
0.280115
0.281593
0.283161
0.284319
0.285136
0.287157
0.289062
0.290587
0.292371
0.293976
0.296198
0.297491
0.298383
0.299453
0.300929
0.302281
0.304354
0.3049
0.306635
0.307602
0.308698
0.309796
0.311028
0.311584
0.312348
0.312907
0.313667
0.314478
0.315381
0.316547
0.31767
0.318496
0.319569
0.320661
0.321512
0.322527
0.322647
0.323899
0.325045
0.325621
0.326457
0.327443
0.328606
0.329862
0.330751
0.331207
0.332174
0.333243
0.333912
0.334242
0.335464
0.336314
0.33691
