0.307843
0.286422
0.295007
0.295969
0.301939
0.311059
0.319714
0.321571
0.326106
0.330684
0.333271
0.332277
0.334109
0.336066
0.337188
0.340678
0.344889
0.346928
0.349274
0.349916
0.351828
0.353124
0.356676
0.358101
0.35772
0.360269
0.361033
0.36311
0.363046
0.365127
0.3665
0.367124
0.368943
0.370126
0.371394
0.373587
0.376006
0.377191
0.377467
0.379011
0.381246
0.383502
0.384889
0.386569
0.388265
0.389766
0.391124
0.392397
0.39281
0.394801
0.395522
0.396464
0.397184
0.397859
0.398583
0.399539
0.400869
0.401854
0.40344
0.404821
0.406213
0.407984
0.408989
0.410234
0.410923
0.411703
0.412566
0.413381
0.414278
0.415538
0.416108
0.416728
0.418003
0.418515
0.418886
0.419283
0.420347
0.421007
0.421723
0.422813
0.423504
0.424082
0.424847
0.425479
0.426559
0.426816
0.427925
0.429119
0.429742
0.430031
0.431135
0.431344
0.431969
0.432415
0.432902
0.433426
0.433853
0.434651
0.434925
