0.522255
0.525148
0.536103
0.523351
0.516556
0.514141
0.516825
0.512121
0.518805
0.5231
0.524736
0.522577
0.523776
0.52659
0.525051
0.523527
0.523801
0.523826
0.523074
0.52589
0.527013
0.526756
0.526435
0.525948
0.525924
0.526532
0.525225
0.525306
0.522163
0.521774
0.522885
0.523864
0.524634
0.52429
0.525493
0.525424
0.52516
0.525783
0.525977
0.526388
0.526335
0.526354
0.526316
0.526055
0.525156
0.525257
0.524836
0.524721
0.52475
0.525633
0.525081
0.524788
0.524623
0.524978
0.525302
0.525995
0.525524
0.525581
0.526189
0.525688
0.526595
0.526639
0.526303
0.526192
0.52622
0.526034
0.525368
0.525104
0.525407
0.525625
0.524996
0.525158
0.525049
0.525558
0.525053
0.52447
0.523961
0.525059
0.525119
0.52488
0.524618
0.524388
0.524128
0.524039
0.524581
0.524702
0.524201
0.524404
0.524727
