0.114398
0.0614125
0.0415815
0.0315201
0.0248497
0.0226516
0.0208393
0.0193789
0.01766
0.0167531
0.0167073
0.0161233
0.0154155
0.0150198
0.0148939
0.015219
0.0155007
0.0155963
0.0151288
0.0149898
0.0145211
0.0140751
0.0136373
0.0134871
0.0134422
0.0131934
0.0131579
0.0127544
0.0129802
0.013289
0.0131863
0.0132141
0.0132684
0.0131398
0.0130393
0.0128774
0.0127968
0.0125843
0.0128536
0.0128324
0.0130064
0.0129209
0.0130364
0.0131523
0.013243
0.0134571
0.0137712
0.013892
0.0138481
0.0141189
0.0140905
0.0140948
0.0142644
0.0144202
0.0143702
0.0143123
0.0143236
0.0143779
0.0143919
0.0144874
0.0147192
0.014838
0.01493
0.0149474
0.0149292
0.0151394
0.0150804
0.0151974
0.0152079
0.0153558
0.015524
0.0155316
0.0156346
0.0157504
0.0160598
0.0161516
0.016219
0.0162505
0.0162703
0.0162284
0.0164145
0.0166718
0.0167896
0.0169059
0.0168905
0.0169988
0.0171029
0.0173035
0.0173193
0.0172919
0.0174252
0.0174984
0.0176124
0.0176017
0.0177871
0.017908
0.017931
0.0179267
0.0179579
