0.501014
0.311828
0.257665
0.234629
0.226747
0.22048
0.218759
0.217107
0.211857
0.213799
0.212881
0.214236
0.214582
0.215982
0.215472
0.215236
0.215168
0.217125
0.217642
0.216957
0.217351
0.218423
0.216634
0.217152
0.217631
0.21851
0.218774
0.218716
0.220102
0.221479
0.221889
0.222854
0.222898
0.222453
0.222807
0.223159
0.224233
0.224446
0.224069
0.22433
0.224506
0.225326
0.226594
0.227539
0.227865
0.2282
0.227458
0.228105
0.227795
0.227875
0.228337
0.228609
0.229163
0.229335
0.229236
0.229483
0.229171
0.228463
0.228765
0.229121
0.229014
0.229195
0.229877
0.23027
0.230214
0.230089
0.229919
0.23018
0.230847
0.230843
0.230857
0.231262
0.231587
0.232053
0.231951
0.231544
0.231546
0.231778
0.231506
0.231527
0.231794
0.232324
0.232368
0.23256
0.232324
0.232378
0.232051
0.232112
0.231757
0.232301
0.232533
0.231936
0.231655
0.231623
0.231908
0.23218
0.23161
0.231431
0.230723
