0.478916
0.477477
0.486459
0.468892
0.471257
0.47187
0.467721
0.467186
0.463423
0.461745
0.467305
0.473868
0.476787
0.481466
0.488769
0.49201
0.491684
0.493396
0.492989
0.492958
0.493656
0.49464
0.495202
0.496277
0.499517
0.500406
0.502178
0.503827
0.505149
0.504681
0.505514
0.506147
0.505136
0.505913
0.50527
0.507006
0.508316
0.508417
0.509132
0.509059
0.511505
0.511367
0.511737
0.512266
0.513386
0.514539
0.514783
0.515146
0.516436
0.516744
0.517227
0.517933
0.518193
0.517583
0.517807
0.517295
0.516471
0.516292
0.515603
0.515404
0.516091
0.514915
0.515166
0.515381
0.514806
0.515268
0.51568
0.515548
0.515805
0.51563
0.515772
0.515746
0.516205
0.516671
0.517542
0.517332
0.517417
0.517327
0.517798
0.518106
0.518525
0.519169
0.519126
0.519185
0.519505
0.519969
0.520003
0.520087
0.520108
