0.558635
0.30581
0.251877
0.238193
0.228283
0.222036
0.227918
0.236364
0.24387
0.247736
0.250937
0.256274
0.25955
0.264451
0.269611
0.270135
0.272381
0.27656
0.280561
0.283227
0.287909
0.29111
0.294899
0.298715
0.300753
0.304568
0.306491
0.310207
0.313461
0.316933
0.318342
0.321135
0.323793
0.325386
0.327289
0.329398
0.331784
0.332984
0.334129
0.336086
0.33837
0.341141
0.342464
0.343568
0.345306
0.347627
0.348729
0.350057
0.351723
0.352771
0.355007
0.356536
0.358219
0.359187
0.360685
0.36201
0.363147
0.365505
0.367671
0.368699
0.369626
0.370959
0.372368
0.373578
0.375
0.37553
0.376938
0.378139
0.37949
0.380687
0.381676
0.382941
0.384393
0.385996
0.387006
0.387881
0.389314
0.390247
0.390959
0.391946
0.393658
0.394633
0.394976
0.396098
0.397195
0.39822
0.398835
0.39978
0.399731
0.400627
0.401554
0.402183
0.402842
0.40379
0.405189
0.405991
0.406504
0.407435
0.408457
