0.235405
0.153091
0.130293
0.119883
0.122376
0.122395
0.127714
0.12896
0.130845
0.13556
0.138925
0.14268
0.143693
0.147129
0.148888
0.152752
0.156584
0.158761
0.163823
0.165058
0.166182
0.168751
0.172102
0.175135
0.177243
0.179622
0.182245
0.1838
0.18588
0.187586
0.19
0.192155
0.19376
0.196567
0.198349
0.200395
0.202287
0.204723
0.205211
0.206864
0.208804
0.211572
0.213164
0.216375
0.218133
0.220153
0.222068
0.223117
0.224868
0.226447
0.228317
0.229434
0.230056
0.231596
0.232131
0.232953
0.234383
0.23619
0.237856
0.238987
0.240413
0.24183
0.243341
0.244552
0.245916
0.246703
0.248172
0.249775
0.250546
0.252012
0.253133
0.254085
0.255362
0.256647
0.257739
0.258963
0.260181
0.261266
0.261773
0.262504
0.263215
0.264083
0.265001
0.265633
0.266246
0.26733
0.267918
0.26881
0.2695
0.270346
0.270963
0.271566
0.272356
0.27264
0.273737
0.274606
0.275322
0.275865
0.276695
