0.495356
0.505831
0.510784
0.500733
0.507306
0.508885
0.512372
0.504283
0.504928
0.505469
0.503202
0.503686
0.503541
0.505735
0.505523
0.504903
0.503581
0.507103
0.50651
0.505667
0.507649
0.509199
0.508218
0.506897
0.507156
0.507816
0.508484
0.508648
0.507417
0.508044
0.506095
0.5052
0.506575
0.505713
0.504617
0.504448
0.503841
0.505237
0.503598
0.50239
0.502699
0.502816
0.502297
0.502038
0.503423
0.504389
0.504228
0.502988
0.502713
0.500957
0.500088
0.50023
0.500677
0.501193
0.500546
0.499866
0.499816
0.499767
0.499898
0.49965
0.500197
0.499976
0.499857
0.50007
0.498752
0.498863
0.498836
0.498477
0.498739
0.498628
0.498583
0.498979
0.499589
0.499553
0.49944
0.499467
0.499571
0.499384
0.498973
0.498836
0.499684
0.498991
0.499511
0.499713
0.499274
0.499283
0.498962
0.498955
0.498409
