0.41785
0.264207
0.216447
0.199802
0.185788
0.179649
0.174172
0.175068
0.174607
0.173653
0.172731
0.170258
0.171143
0.171063
0.171489
0.173146
0.174636
0.175135
0.1757
0.176549
0.177189
0.179401
0.179993
0.181904
0.183425
0.185058
0.185086
0.189024
0.189739
0.19088
0.190484
0.192835
0.194505
0.194706
0.195694
0.197686
0.199594
0.202334
0.20253
0.203649
0.203407
0.203687
0.204632
0.206522
0.208392
0.208682
0.208925
0.209806
0.210473
0.211903
0.213456
0.213686
0.214378
0.215047
0.215852
0.216808
0.216687
0.217144
0.216526
0.216096
0.216453
0.216961
0.217262
0.217452
0.217883
0.217506
0.217717
0.218201
0.218611
0.219351
0.219856
0.220172
0.220826
0.220932
0.221619
0.221743
0.222137
0.222617
0.222493
0.222978
0.22353
0.22404
0.224188
0.224631
0.225384
0.225687
0.225601
0.226312
0.226761
0.226715
0.226857
0.227095
0.227205
0.226956
0.227116
0.227922
0.228751
0.229834
0.229632
