0.635108
0.461384
0.388514
0.354513
0.339379
0.335233
0.325454
0.314875
0.307778
0.302204
0.299552
0.296277
0.299219
0.299749
0.299747
0.300709
0.300825
0.302849
0.303676
0.305276
0.305719
0.306577
0.305164
0.30529
0.306852
0.306966
0.306394
0.306942
0.306762
0.30999
0.310137
0.310945
0.313478
0.314517
0.313485
0.313582
0.316107
0.317964
0.319512
0.319868
0.319094
0.319891
0.319837
0.320381
0.320998
0.321426
0.321933
0.322564
0.322923
0.323762
0.324989
0.325066
0.324631
0.325838
0.326567
0.328003
0.32871
0.329213
0.329185
0.329806
0.330765
0.331413
0.331896
0.332306
0.332806
0.332687
0.333597
0.333798
0.334182
0.334542
0.335011
0.335724
0.336665
0.337164
0.337717
0.338105
0.338301
0.338725
0.338831
0.339331
0.339137
0.338886
0.339015
0.339328
0.339547
0.339376
0.339814
0.339677
0.340022
0.340528
0.340067
0.340161
0.340633
0.340229
0.340558
0.340465
0.34071
0.341719
0.342124
