0.290323
0.287267
0.306288
0.32074
0.325228
0.326427
0.322027
0.327893
0.326866
0.332939
0.335221
0.337361
0.334618
0.337062
0.335563
0.337075
0.335523
0.339472
0.337967
0.342422
0.342197
0.342348
0.345249
0.344454
0.341971
0.341895
0.344865
0.346508
0.347488
0.346733
0.346246
0.345588
0.345255
0.345846
0.346101
0.345167
0.344447
0.345072
0.345267
0.345722
0.346525
0.346437
0.345837
0.346713
0.346077
0.346222
0.346227
0.346396
0.345108
0.344303
0.343849
0.344176
0.345297
0.345045
0.34552
0.344324
0.344366
0.34482
0.344758
0.344569
0.345209
0.345144
0.34562
0.345675
0.346175
0.346259
0.346273
0.346512
0.345788
0.345902
0.345857
0.345768
0.345583
0.345572
0.345077
0.345235
0.345211
0.345131
0.345008
0.344386
0.344488
0.344628
0.344421
0.343574
0.343772
0.344017
0.343985
0.344116
0.344027
