0.0234834
0.218379
0.25233
0.276329
0.289273
0.302318
0.301767
0.303576
0.312162
0.314541
0.318285
0.321071
0.321742
0.321406
0.324652
0.327218
0.327398
0.327791
0.330937
0.331842
0.333721
0.335011
0.335879
0.334474
0.333066
0.334855
0.336285
0.337748
0.338281
0.340464
0.342207
0.343681
0.345288
0.34705
0.348047
0.350088
0.352438
0.353135
0.354535
0.355609
0.35593
0.356005
0.355913
0.356769
0.357618
0.357765
0.358464
0.359888
0.361438
0.362822
0.364254
0.365912
0.365909
0.367354
0.36774
0.368676
0.36883
0.368688
0.369825
0.370688
0.370995
0.371996
0.3728
0.373752
0.37449
0.374989
0.37584
0.376139
0.376302
0.376344
0.376875
0.376625
0.377313
0.377509
0.378069
0.378093
0.378655
0.37912
0.380254
0.380197
0.380302
0.381213
0.381931
0.382507
0.383581
0.383855
0.384064
0.384118
0.384492
0.38557
0.385418
0.386087
0.386694
0.387543
0.388334
0.388503
0.388891
0.389948
0.390364
0.391049
0.391424
0.391423
0.391486
0.391673
0.392197
0.392422
0.39273
0.392858
0.393275
0.393766
0.394256
0.394257
0.39455
0.394913
0.395302
0.395817
0.396226
0.396286
0.397166
0.397684
0.398514
0.399119
0.39929
0.399767
0.400014
0.400432
0.400881
0.401441
0.401951
0.402352
0.402326
0.402542
0.402919
0.403358
0.403635
0.403805
0.404037
0.404341
0.404574
0.404581
0.40475
0.405276
0.405746
0.405855
0.406095
0.406523
0.407019
0.407342
0.407478
0.407787
0.407909
0.408198
0.408589
0.408884
0.408938
0.408947
0.409249
0.409163
0.409568
0.409759
0.410269
0.410556
0.410669
0.411159
0.411473
0.411973
0.412107
0.412339
0.412485
0.412639
0.412792
0.413021
0.413242
0.413642
0.413876
0.413983
0.414234
0.414559
0.414649
0.414843
0.41496
0.415362
0.415541
0.415441
0.415699
0.415803
0.416182
0.41619
0.416518
0.41652
0.416491
0.416787
0.417157
0.417376
0.41764
0.417988
0.418185
0.418357
0.418637
