0.00204499
0.0232794
0.0253672
0.0368893
0.0446037
0.0502812
0.0530025
0.058664
0.0605263
0.0629315
0.0660866
0.0669456
0.0686355
0.0696913
0.0721496
0.073519
0.0765589
0.0779305
0.0794578
0.0814064
0.0823772
0.0839416
0.0861167
0.0880206
0.0895612
0.0911363
0.0935118
0.0944981
0.0963391
0.0978955
0.0994955
0.101078
0.102373
0.104332
0.105756
0.106969
0.108373
0.109791
0.111654
0.112651
0.114692
0.11473
0.116101
0.117561
0.11893
0.119925
0.120539
0.121839
0.123329
0.124349
0.1251
0.126388
0.127219
0.128276
0.128828
0.129816
0.13019
0.131044
0.132053
0.133658
0.13461
0.136049
0.136712
0.137266
0.138207
0.138987
0.13912
0.140401
0.141006
0.141704
0.142942
0.143208
0.144208
0.145455
0.146065
0.146621
0.146921
0.14819
0.14838
0.149325
0.14992
0.151003
0.151621
0.152053
0.152696
0.153473
0.154122
0.155215
0.156206
0.156955
0.157372
0.158287
0.158782
0.159151
0.159984
0.160633
0.161252
0.162
0.16282
0.163565
0.164584
0.165382
0.165933
0.166865
0.167337
0.168199
0.168848
0.169343
0.169946
0.170529
0.171127
0.171618
0.172515
0.172835
0.173603
0.174587
0.175312
0.175956
0.176382
0.177107
0.177606
0.178062
0.178811
0.179278
0.179684
0.18034
0.180687
0.180956
0.181441
0.182148
0.182857
0.183386
0.183778
0.184367
0.184861
0.185164
0.185503
0.186151
0.186408
0.187182
0.187671
0.188377
0.189202
0.18971
0.190267
0.19076
0.191066
0.191376
0.191879
0.192405
0.192864
0.193156
0.193892
0.194281
0.194675
0.195267
0.195642
0.196181
0.196608
0.197236
0.197906
0.198486
0.199005
0.199515
0.199986
0.200623
0.201312
0.201522
0.202101
0.202541
0.202843
0.203298
0.203775
0.204285
0.204776
0.205179
0.205632
0.206045
0.206361
0.206785
0.207445
0.207712
0.208044
0.208509
0.208999
0.209302
0.209787
0.210025
0.210543
0.210904
0.211315
0.211854
0.212384
0.212785
0.213169
0.213649
0.213917
0.21393
0.214241
