0.478528
0.50753
0.495567
0.495475
0.501807
0.508229
0.498307
0.497786
0.500495
0.498502
0.502581
0.509457
0.510506
0.509071
0.510536
0.508961
0.511909
0.51237
0.509714
0.508996
0.509356
0.510569
0.510577
0.512862
0.511263
0.511014
0.511483
0.51171
0.512185
0.512582
0.514192
0.514232
0.515107
0.515371
0.515543
0.51567
0.517367
0.517662
0.516334
0.516867
0.516659
0.517131
0.517025
0.51679
0.516454
0.516777
0.516398
0.515975
0.515769
0.515771
0.516055
0.516332
0.516935
0.516152
0.516388
0.516222
0.516126
0.516727
0.516409
0.516164
0.51595
0.515671
0.516013
0.515582
0.514859
0.515202
0.515846
0.516203
0.516578
0.516704
0.516886
0.516781
0.516776
0.516994
0.517224
0.517343
0.517285
0.516621
0.516584
0.516519
0.516197
0.516626
0.516478
0.516186
0.516085
0.515971
0.516398
0.516208
0.516943
0.516508
0.516853
0.517283
0.516711
0.516368
0.515884
0.5156
0.515539
0.515382
0.515366
0.515105
0.515343
0.515225
0.515076
0.514843
0.51436
0.513847
0.513972
0.514177
0.514111
0.513748
0.5135
0.512875
0.512632
0.512824
0.512411
0.512521
0.512301
0.512105
0.512171
0.512379
0.512729
0.51272
0.512507
0.512584
0.512519
0.512879
0.513313
0.513265
0.512904
0.512682
0.512845
0.512618
0.512478
0.512293
0.512511
0.512133
0.512218
0.512387
0.512296
0.511997
0.511977
0.512303
0.5119
0.512202
0.512414
0.512466
0.512619
0.513024
0.513061
0.512996
0.51293
0.512825
0.512751
0.512624
0.512584
0.512829
0.5127
0.512973
0.512959
0.513068
0.512921
0.512917
0.51289
0.512523
0.51264
0.512583
0.512489
0.512538
0.512652
0.512745
0.512841
0.512753
0.512592
0.512501
0.512606
0.51259
0.512655
0.512855
0.513014
0.513025
0.513059
0.513098
0.513013
0.513137
0.513304
0.51309
0.51301
0.512868
0.512823
