0.0408163
0.0687023
0.0904393
0.110087
0.125196
0.135277
0.151012
0.161529
0.170614
0.175726
0.18045
0.182884
0.185965
0.187833
0.192159
0.200621
0.205011
0.209996
0.213854
0.21715
0.223372
0.225874
0.230047
0.234038
0.238316
0.240576
0.24547
0.247707
0.249804
0.253454
0.255377
0.258951
0.261676
0.2642
0.266771
0.269891
0.272187
0.273851
0.275552
0.278178
0.280571
0.283323
0.285944
0.288437
0.29118
0.29421
0.296436
0.298178
0.30022
0.302078
0.304647
0.306363
0.308278
0.309925
0.311731
0.312944
0.314404
0.316527
0.318304
0.319412
0.320907
0.323438
0.324829
0.326458
0.328223
0.329734
0.331691
0.333565
0.334797
0.336143
0.337918
0.338958
0.340777
0.342114
0.342927
0.344046
0.345047
0.346484
0.347755
0.349348
0.350417
0.351662
0.352404
0.353706
0.354911
0.355489
0.356343
0.357518
0.358462
0.360001
0.361796
0.3629
0.363938
0.365178
0.366062
0.366995
0.367897
0.368694
0.369423
0.370059
0.371319
0.372018
0.373109
0.374401
0.375451
0.376946
0.377536
0.378299
0.379344
0.380322
0.38059
0.381352
0.382236
0.382783
0.38313
0.383947
0.384544
0.385182
0.386449
0.38766
0.388627
0.389448
0.390309
0.391238
0.392262
0.393028
0.393779
0.394473
0.395222
0.395905
0.396589
0.397391
0.398007
0.398795
0.398829
0.399241
0.39952
0.399987
0.400843
0.401233
0.401601
0.402432
0.403029
0.403763
0.404506
0.405117
0.405472
0.405999
0.406335
0.406807
0.407146
0.407902
0.408267
0.408801
0.409366
0.409737
0.410401
0.411158
0.412023
0.41274
0.412906
0.413183
0.41366
0.414173
0.414595
0.41495
0.41551
0.416
0.416186
0.416692
0.416859
0.417317
0.417912
0.418202
0.418629
0.41902
0.419501
0.420005
0.420726
0.421171
0.421525
0.421747
0.422362
0.422445
0.422949
0.423119
0.423629
0.424153
0.424371
0.424981
0.425639
0.426215
0.426925
0.427657
0.42804
0.428348
0.428802
0.429169
0.42948
