0.0130152
0.0231092
0.0413223
0.0526316
0.0654664
0.0715982
0.0821719
0.0887199
0.0941441
0.102611
0.105163
0.110536
0.116731
0.119746
0.12349
0.127087
0.131055
0.135769
0.140684
0.143515
0.147062
0.149927
0.15358
0.159516
0.161797
0.164894
0.168114
0.171878
0.174437
0.176983
0.180285
0.182818
0.186324
0.189744
0.193655
0.195468
0.197961
0.200589
0.203633
0.204911
0.207449
0.209819
0.212096
0.213549
0.215621
0.217791
0.220348
0.222895
0.224771
0.226251
0.227892
0.231014
0.2329
0.234977
0.237519
0.239586
0.241045
0.24308
0.244688
0.24612
0.247555
0.24892
0.249002
0.250098
0.251484
0.252701
0.254096
0.255598
0.25679
0.257667
0.258816
0.259847
0.262092
0.263966
0.265393
0.266429
0.267684
0.26914
0.270639
0.271758
0.272848
0.273964
0.274921
0.276201
0.277454
0.278514
0.279809
0.28068
0.281829
0.282753
0.283581
0.284101
0.285099
0.286341
0.287512
0.288864
0.289999
0.29082
0.291965
0.293143
0.294218
0.294963
0.295882
0.297131
0.298302
0.298879
0.299728
0.300568
0.301559
0.302541
0.302738
0.303608
0.304083
0.305052
0.306056
0.307178
0.308078
0.308536
0.309531
0.310637
0.311425
0.312224
0.312982
0.313372
0.31428
0.314886
0.315176
0.31588
0.316696
0.317391
0.317657
0.31854
0.319092
0.319613
0.319985
0.320505
0.321297
0.322036
0.322761
0.323101
0.323499
0.324581
0.324931
0.325379
0.325892
0.326689
0.327307
0.32808
0.328516
0.329362
0.330057
0.330596
0.331076
0.331722
0.332454
0.333077
0.333879
0.334819
0.334987
0.33561
0.336123
0.336862
0.337337
0.337859
0.338175
0.339011
0.339602
0.340046
0.340416
0.340889
0.34125
0.341733
0.342486
0.342897
0.343351
0.344017
0.34429
0.344897
0.345302
0.34574
0.346232
0.346843
0.347286
0.347787
0.348274
0.348972
0.349773
0.350078
0.350502
0.350744
0.35098
0.351158
0.351496
0.351753
0.352012
0.352152
0.352427
0.352926
0.353337
