0.51567
0.510204
0.508492
0.507213
0.512789
0.505841
0.507208
0.508591
0.513403
0.508649
0.509424
0.511929
0.510892
0.51145
0.513179
0.514226
0.514311
0.514141
0.514765
0.515069
0.514471
0.515043
0.517537
0.517368
0.517266
0.518269
0.517465
0.515547
0.51577
0.516933
0.517419
0.515901
0.515157
0.513918
0.514037
0.514614
0.514665
0.515763
0.515788
0.516348
0.516537
0.516952
0.517512
0.517616
0.518105
0.518577
0.518424
0.518335
0.517783
0.517517
0.517775
0.517723
0.517786
0.517808
0.51784
0.518853
0.519867
0.519028
0.519203
0.519365
0.519413
0.519784
0.51888
0.519214
0.519198
0.518999
0.519344
0.519251
0.519222
0.519318
0.519966
0.519858
0.5195
0.519251
0.518994
0.518772
0.518644
0.518737
0.519268
0.519409
0.519251
0.519274
0.519873
0.520074
0.520478
0.520471
0.520772
0.520317
0.519677
0.519662
0.520493
0.520397
0.520271
0.519714
0.520243
0.519702
0.519408
0.518995
0.518758
0.518739
0.518912
0.518914
0.518515
0.5186
0.518198
0.518369
0.518047
0.51798
0.517611
0.517812
0.518089
0.518246
0.518364
0.518019
0.518113
0.518079
0.518165
0.518203
0.518024
0.518439
0.518561
0.51865
0.518694
0.518609
0.518314
0.51842
0.51867
0.518581
0.518355
0.518553
0.518284
0.518423
0.518466
0.517893
0.517784
0.517729
0.517712
0.51748
0.517887
0.517768
0.517609
0.51785
0.518081
0.517829
0.517502
0.517657
0.517608
0.51721
0.517023
0.517375
0.517318
0.517418
0.517283
0.517392
0.517396
0.517479
0.517848
0.517765
0.517704
0.517536
0.517426
0.517222
0.516993
0.517164
0.517259
0.517427
0.517338
0.517145
0.517337
0.517199
0.517583
0.517624
0.517718
0.517743
0.517635
0.517607
0.517971
0.517634
0.517529
0.517739
0.518022
0.517938
0.517993
0.518121
0.518035
0.517841
0.5178
0.517851
0.517924
