0.0162272
0.194045
0.227857
0.250375
0.262341
0.275896
0.282436
0.290442
0.291575
0.294409
0.297864
0.299562
0.301653
0.302997
0.304905
0.310145
0.310121
0.313319
0.315776
0.31606
0.318709
0.319694
0.320898
0.321668
0.322905
0.323959
0.323824
0.325805
0.325706
0.326527
0.326987
0.328363
0.327906
0.328479
0.329126
0.330766
0.331189
0.331397
0.332992
0.333823
0.335057
0.335873
0.336888
0.338083
0.338892
0.33963
0.341243
0.341923
0.343038
0.343346
0.344246
0.344764
0.345354
0.346336
0.347028
0.347858
0.349144
0.348565
0.349479
0.349755
0.349768
0.350803
0.351724
0.353
0.353484
0.353579
0.354013
0.354675
0.355093
0.3559
0.35649
0.356996
0.358152
0.357993
0.358712
0.359029
0.359903
0.360368
0.360855
0.361306
0.361842
0.362379
0.362629
0.363342
0.364106
0.363882
0.364182
0.364915
0.365474
0.366032
0.366429
0.366348
0.367234
0.367109
0.367451
0.36744
0.36811
0.368347
0.369065
0.369484
0.36908
0.369189
0.369327
0.369828
0.370296
0.370717
0.370925
0.371281
0.371658
0.371953
0.372319
0.37249
0.372794
0.372548
0.373118
0.373567
0.373601
0.374125
0.374268
0.374421
0.374616
0.374867
0.375337
0.375517
0.375649
0.375854
0.376228
0.376749
0.377378
0.377807
0.378254
0.378482
0.378785
0.379416
0.379738
0.380081
0.380369
0.380639
0.380987
0.380928
0.381264
0.381291
0.381449
0.381711
0.381941
0.382405
0.382614
0.382867
0.383261
0.383388
0.383621
0.383745
0.384021
0.384329
0.384623
0.384841
0.385119
0.385305
0.38556
0.385796
0.385987
0.386102
0.386377
0.386562
0.38653
0.386878
0.386979
0.387003
0.38721
0.38739
0.387356
0.387401
0.387592
0.387588
0.387604
0.38774
0.3879
0.387702
0.387623
0.38778
0.387695
0.387611
0.387459
0.386941
0.386409
0.38603
0.385771
0.385666
0.385854
0.385545
0.385646
0.385761
0.386036
0.386232
0.386458
0.386711
0.386906
0.387027
0.387282
