0.00197239
0.0155945
0.0210388
0.0250125
0.028135
0.0311245
0.0357349
0.0382182
0.0427735
0.0435835
0.0473496
0.0492269
0.0491363
0.0504375
0.0520676
0.0541865
0.0564173
0.057405
0.0589046
0.059714
0.0608716
0.0624654
0.0635005
0.0643733
0.0655117
0.0657579
0.0667536
0.0684363
0.0699264
0.0716232
0.0728236
0.0752896
0.07738
0.0791318
0.0808845
0.0825914
0.0835515
0.0838919
0.0847526
0.0855537
0.0864589
0.0868161
0.0884994
0.089459
0.0901693
0.0907291
0.0912004
0.0924252
0.093874
0.0945457
0.0958351
0.0963434
0.0972286
0.0980669
0.0991187
0.100214
0.101024
0.102277
0.103488
0.103975
0.105007
0.10592
0.106381
0.106691
0.107388
0.107809
0.108851
0.109431
0.110017
0.11062
0.111365
0.1124
0.113299
0.114023
0.114638
0.115626
0.116477
0.117175
0.117816
0.118627
0.118964
0.119573
0.120205
0.12073
0.121694
0.122701
0.123491
0.124101
0.12475
0.12533
0.126331
0.126722
0.127536
0.127521
0.12807
0.128754
0.129409
0.129757
0.129993
0.130382
0.130755
0.131589
0.132104
0.132552
0.133023
0.13343
0.134296
0.134906
0.135315
0.135629
0.136225
0.136309
0.136909
0.137553
0.138437
0.138796
0.139551
0.140428
0.141468
0.141852
0.142491
0.142729
0.143288
0.143609
0.144307
0.144453
0.144655
0.145068
0.14544
0.145904
0.146411
0.146639
0.147061
0.147387
0.147787
0.148033
0.14861
0.148902
0.149739
0.150328
0.150728
0.15122
0.151585
0.151991
0.152541
0.153082
0.153545
0.154042
0.15451
0.15498
0.155385
0.155836
0.156321
0.156939
0.15748
0.158122
0.158481
0.158937
0.159334
0.159612
0.160232
0.160663
0.161392
0.162073
0.162573
0.162942
0.163419
0.163758
0.164126
0.164572
0.16492
0.165295
0.165836
0.166137
0.166439
0.166465
0.166573
0.167155
0.167511
0.167838
0.168223
0.168564
0.169096
0.169396
0.169823
0.170363
0.170927
0.17124
0.171623
0.172121
0.172584
0.17279
0.173203
0.173547
0.174027
0.174331
0.174695
0.174967
0.175327
