0.484076
0.494012
0.50152
0.505961
0.5015
0.50674
0.493573
0.494547
0.492977
0.491823
0.494059
0.500885
0.50152
0.504808
0.511283
0.511841
0.512392
0.511273
0.512771
0.511674
0.512776
0.512452
0.514233
0.512924
0.51455
0.514035
0.514482
0.513423
0.511591
0.511959
0.511653
0.510291
0.511958
0.511444
0.510861
0.510724
0.510781
0.509664
0.510283
0.510321
0.510351
0.510897
0.511205
0.511992
0.512679
0.512239
0.512633
0.514081
0.514006
0.513804
0.513716
0.514819
0.514549
0.514903
0.515177
0.514839
0.51585
0.515604
0.516732
0.517062
0.517532
0.517457
0.517518
0.51809
0.518195
0.517936
0.517102
0.516401
0.515622
0.515679
0.516218
0.516239
0.516158
0.516092
0.516202
0.516606
0.516709
0.516932
0.516789
0.516774
0.516773
0.516929
0.516991
0.516923
0.5174
0.517269
0.51774
0.517837
0.51745
0.517906
0.517891
0.517983
0.518099
0.518556
0.5179
0.51812
0.518118
0.518233
0.517707
0.518124
0.518364
0.518326
0.518078
0.518067
0.517938
0.517868
0.517917
0.518123
0.51799
0.517889
0.517854
0.517782
0.517135
0.517034
0.516971
0.516829
0.517026
0.516824
0.516838
0.516459
0.516735
0.517161
0.516984
0.516985
0.51693
0.517188
0.517661
0.517813
0.518012
0.518017
0.518343
0.518271
0.518345
0.518281
0.518434
0.518133
0.518115
0.518123
0.51811
0.518403
0.518522
0.518669
0.519088
0.51879
0.519079
0.519336
0.519116
0.51919
0.518803
0.518786
0.518511
0.518599
0.518418
0.518492
0.518319
0.518472
0.518439
0.51835
0.518189
0.518256
0.518312
0.517866
0.518019
0.517818
0.518069
0.518122
0.518187
0.517889
0.51784
0.517819
0.517988
0.517599
0.517302
0.517338
0.517357
0.517194
0.517051
0.516829
0.516997
0.517042
0.517018
0.516936
0.516887
0.516959
0.517136
0.517287
0.517213
0.517221
0.517156
