0
0.0170512
0.0306258
0.0388693
0.0445344
0.0489963
0.0570684
0.0643939
0.0688259
0.0725692
0.0758438
0.0790689
0.0809132
0.081253
0.0815865
0.0847045
0.0879046
0.0889587
0.0929298
0.0962257
0.0998957
0.101038
0.103084
0.105586
0.107756
0.110076
0.111539
0.113865
0.116123
0.117305
0.120073
0.122396
0.124022
0.126974
0.128911
0.130887
0.132305
0.134157
0.136612
0.138677
0.139894
0.142364
0.144012
0.145103
0.146281
0.148279
0.149269
0.150757
0.151805
0.153111
0.154156
0.155769
0.157313
0.157927
0.159238
0.160369
0.161461
0.16275
0.164064
0.16513
0.16637
0.168315
0.169495
0.170525
0.171855
0.172904
0.174195
0.176026
0.177991
0.178989
0.180693
0.181448
0.18259
0.183622
0.184612
0.18586
0.186844
0.187541
0.188896
0.189909
0.190994
0.192499
0.193684
0.194375
0.195335
0.196099
0.197731
0.198558
0.199558
0.200247
0.200163
0.201136
0.202291
0.203143
0.204195
0.205083
0.205788
0.207151
0.208226
0.208838
0.20947
0.210036
0.211079
0.212059
0.21257
0.213645
0.214071
0.214694
0.216152
0.217429
0.218178
0.218532
0.219302
0.220106
0.220974
0.221949
0.223053
0.223974
0.224584
0.225319
0.225852
0.226403
0.226993
0.227686
0.228433
0.229147
0.229622
0.23011
0.230683
0.231009
0.231667
0.232464
0.233262
0.234006
0.23509
0.235628
0.236165
0.236818
0.237722
0.238521
0.23928
0.240132
0.240709
0.241366
0.242277
0.24253
0.243266
0.244152
0.244594
0.245407
0.245807
0.246639
0.247246
0.247816
0.248408
0.248987
0.249531
0.250171
0.250871
0.251335
0.251844
0.252416
0.253029
0.25375
0.254553
0.255082
0.255853
0.256182
0.256792
0.257315
0.258041
0.25878
0.259451
0.260289
0.260787
0.261289
0.261829
0.262308
0.262741
0.263503
0.264033
0.264537
0.265193
0.265801
0.266595
0.26708
0.267526
0.268
0.268787
0.269368
0.2698
0.270336
0.27074
0.271195
0.271718
0.272131
0.272817
0.273165
0.273629
