0.0238569
0.293121
0.3498
0.40317
0.434387
0.448546
0.459414
0.465842
0.478041
0.483871
0.486562
0.492992
0.496195
0.50188
0.503426
0.506818
0.506088
0.508378
0.511504
0.513145
0.513035
0.514065
0.514514
0.516562
0.518599
0.521243
0.522111
0.522264
0.522017
0.521776
0.523554
0.525504
0.527613
0.528506
0.529499
0.530951
0.531826
0.532973
0.534438
0.535476
0.537327
0.536848
0.537708
0.538718
0.53945
0.540476
0.540802
0.542562
0.543192
0.543849
0.544812
0.545668
0.546283
0.547204
0.547026
0.547824
0.548225
0.548786
0.549156
0.550167
0.551047
0.552243
0.552826
0.553055
0.55353
0.553742
0.553975
0.55459
0.555506
0.555886
0.556069
0.556899
0.557375
0.557838
0.558427
0.558646
0.55925
0.56047
0.560522
0.561202
0.562013
0.562964
0.563615
0.564279
0.564555
0.565318
0.565836
0.566366
0.566794
0.567164
0.567603
0.567886
0.568051
0.568257
0.56853
0.568625
0.568701
0.568722
0.569437
0.569824
0.570471
0.570826
0.570796
0.571401
0.571548
0.572071
0.572179
0.572555
0.572869
0.573451
0.57377
0.574317
0.574359
0.57484
0.575257
0.575479
0.575479
0.575992
0.576423
0.576955
0.577142
0.577346
0.577635
0.57816
0.578543
0.578929
0.579878
0.580372
0.580604
0.581167
0.581614
0.581852
0.582004
0.582243
0.582281
0.582533
0.582832
0.583347
0.583785
0.584136
0.584302
0.584671
0.584952
0.585319
0.585566
0.585838
0.586311
0.58655
0.586829
0.586871
0.587286
0.587666
0.587851
0.588518
0.588813
0.58879
0.589173
0.589448
0.589518
0.5895
0.589745
0.589941
0.59021
0.590488
0.590723
0.590986
0.591383
0.591853
0.592159
0.592139
0.592433
0.592758
0.59334
0.593437
0.593756
0.593981
0.594299
0.59437
0.594506
0.595008
0.595214
0.595248
0.595532
0.595851
0.595945
0.596217
0.596338
0.596591
0.596825
0.597084
0.597163
0.597425
0.59783
0.598157
0.598223
0.5985
0.598839
0.599333
0.599468
