0.619335
0.635542
0.635636
0.641296
0.633233
0.638762
0.641192
0.639819
0.635514
0.638814
0.641376
0.644545
0.648692
0.648404
0.648223
0.652058
0.655881
0.658239
0.661153
0.665042
0.664728
0.666343
0.666402
0.665739
0.66776
0.668811
0.669328
0.669767
0.668789
0.669527
0.669169
0.669186
0.669265
0.66904
0.670333
0.670873
0.672431
0.672378
0.673406
0.672971
0.672083
0.672557
0.672047
0.67199
0.672699
0.672608
0.672629
0.673106
0.673601
0.674214
0.674405
0.67453
0.674321
0.674091
0.674266
0.675253
0.674993
0.674813
0.675037
0.675471
0.675446
0.67532
0.675172
0.674507
0.674349
0.674149
0.673681
0.674372
0.673584
0.673643
0.673986
0.674534
0.674414
0.675125
0.67519
0.675611
0.675607
0.67525
0.675031
0.674992
0.674629
0.674942
0.6753
0.675524
0.675418
0.675226
0.674604
0.674324
0.674459
0.674621
0.675044
0.675145
0.675007
0.674771
0.674913
0.675006
0.674745
0.674715
0.675074
0.674678
0.674811
0.674634
0.674499
0.674845
0.674913
0.675468
0.675553
0.675749
0.675658
0.675804
0.675541
0.675774
0.675918
0.676365
0.676591
0.676359
0.676365
0.676516
0.676634
0.676705
0.676729
0.676978
0.677251
0.677434
0.677589
0.678016
0.677883
0.677897
0.677846
0.677529
0.67777
0.677531
0.677721
0.678077
0.678249
0.678237
0.678361
0.678588
0.678763
0.67899
0.678951
0.678878
0.678822
0.678918
0.678896
0.678644
0.678498
0.678426
0.678303
0.678312
0.678561
0.678436
0.678403
0.678818
0.678695
0.678733
0.678627
0.678616
0.678877
0.678802
0.678799
0.678438
0.678491
0.678193
0.678065
0.677944
0.677991
0.67783
0.677669
0.677991
0.678006
0.678465
0.678249
0.678364
0.678387
0.678275
0.678294
0.678427
0.678441
0.678383
0.678448
0.67848
0.678333
0.678367
0.678318
0.678256
0.678259
0.678079
0.677854
