0.014
0.199399
0.265552
0.295656
0.310194
0.326706
0.340353
0.35187
0.35814
0.362272
0.365157
0.368076
0.371548
0.375674
0.382783
0.384781
0.389048
0.391367
0.394208
0.396147
0.398665
0.401818
0.40496
0.408125
0.411348
0.414526
0.416565
0.419537
0.421081
0.422988
0.425647
0.4282
0.430095
0.432021
0.434299
0.434709
0.436033
0.437487
0.439036
0.438738
0.43905
0.441406
0.442534
0.443492
0.444604
0.446026
0.447983
0.449445
0.450747
0.451726
0.452146
0.45283
0.453882
0.455063
0.455383
0.457049
0.458327
0.460093
0.46125
0.462328
0.462768
0.464135
0.46465
0.465961
0.466993
0.468198
0.468664
0.469646
0.470803
0.471659
0.472481
0.472843
0.473122
0.473858
0.474605
0.475562
0.475842
0.476642
0.476401
0.477127
0.4778
0.478731
0.47954
0.480603
0.481067
0.481518
0.482975
0.483585
0.484243
0.48469
0.485253
0.486314
0.486534
0.487611
0.488285
0.489072
0.489766
0.490138
0.490465
0.490628
0.491268
0.491828
0.492159
0.493201
0.493692
0.494044
0.49441
0.49486
0.49496
0.495347
0.495636
0.496313
0.49688
0.497197
0.497283
0.498075
0.498497
0.499157
0.499601
0.500384
0.500262
0.500295
0.500422
0.500465
0.5009
0.501042
0.501182
0.50168
0.502339
0.502622
0.503572
0.504082
0.504314
0.504735
0.505335
0.505639
0.505864
0.506281
0.506701
0.50698
0.507336
0.507802
0.507975
0.50811
0.50867
0.50888
0.509705
0.509946
0.510135
0.510702
0.511177
0.511545
0.51176
0.511976
0.512023
0.512282
0.512479
0.512644
0.512893
0.512931
0.512962
0.512942
0.513138
0.513228
0.513209
0.513253
0.513504
0.513756
0.513965
0.514102
0.514555
0.514416
0.514588
0.514821
0.514926
0.514934
0.515256
0.515279
0.515678
0.515445
0.515567
0.515796
0.516114
0.516366
0.516752
0.516974
0.517549
0.517888
0.518134
0.518074
0.518224
0.518279
0.518367
0.518483
0.518714
0.518827
0.519183
0.519298
0.519418
