0
0.0578842
0.0936877
0.110942
0.124244
0.14051
0.150602
0.1599
0.169231
0.177564
0.18216
0.185816
0.193575
0.198389
0.203191
0.207626
0.212184
0.21706
0.219826
0.223057
0.228019
0.230985
0.234684
0.239825
0.244055
0.247566
0.249269
0.252537
0.255417
0.258203
0.262446
0.265475
0.267632
0.270695
0.273205
0.275925
0.27804
0.279247
0.28202
0.283382
0.285789
0.287946
0.290369
0.293646
0.295094
0.2975
0.298843
0.301248
0.302808
0.304585
0.306281
0.308146
0.309455
0.310788
0.312313
0.314613
0.315108
0.316788
0.318399
0.319238
0.320476
0.321666
0.322892
0.323949
0.325719
0.326517
0.327763
0.328612
0.329579
0.331161
0.332413
0.333372
0.334639
0.335444
0.336649
0.336792
0.33777
0.338642
0.339101
0.339729
0.340935
0.342026
0.343318
0.343897
0.344662
0.346063
0.346788
0.34748
0.348469
0.349234
0.350521
0.351463
0.352294
0.353361
0.354158
0.354588
0.355298
0.356431
0.356913
0.35775
0.358657
0.359836
0.36032
0.361029
0.361819
0.362795
0.363597
0.364282
0.365247
0.366049
0.366487
0.367284
0.36779
0.368436
0.368786
0.369809
0.370152
0.370838
0.371286
0.372149
0.372545
0.372797
0.373121
0.373656
0.373904
0.374642
0.375312
0.376158
0.376866
0.377127
0.377868
0.378213
0.378799
0.379041
0.379249
0.379891
0.379948
0.380351
0.380993
0.381476
0.381972
0.382545
0.382914
0.383278
0.383491
0.383778
0.384336
0.384618
0.384899
0.385466
0.385779
0.386033
0.386624
0.387135
0.387344
0.387932
0.387983
0.388388
0.38856
0.388904
0.388869
0.388963
0.389416
0.389676
0.389945
0.390254
0.390551
0.390846
0.391307
0.391756
0.392309
0.39273
0.393171
0.393413
0.393883
0.394226
0.394532
0.394791
0.395012
0.395286
0.395451
0.395858
0.395967
0.396257
0.396734
0.397035
0.397545
0.397767
0.397952
0.398493
0.398555
0.398886
0.399177
0.399335
0.399471
0.399587
0.399821
0.40027
0.400295
