0.509589
0.521862
0.51145
0.515774
0.515961
0.519305
0.522245
0.51883
0.516667
0.513705
0.513963
0.51332
0.511729
0.512712
0.514857
0.512654
0.514191
0.51271
0.513568
0.515116
0.515018
0.514449
0.516543
0.517452
0.516854
0.518357
0.517727
0.519132
0.518511
0.517052
0.517391
0.516682
0.517157
0.516662
0.517961
0.517769
0.516664
0.517627
0.516368
0.516898
0.517825
0.517758
0.515846
0.515416
0.515309
0.515313
0.515169
0.515494
0.514966
0.515947
0.515964
0.515705
0.515861
0.516505
0.516834
0.516164
0.515937
0.515548
0.515397
0.515213
0.514969
0.514556
0.515049
0.515089
0.514739
0.514766
0.514603
0.514208
0.513981
0.513562
0.51417
0.514241
0.513732
0.513659
0.513507
0.513115
0.513511
0.51387
0.513656
0.513886
0.513899
0.514244
0.51406
0.513945
0.513632
0.513722
0.514429
0.51457
0.514147
0.514367
0.514744
0.51486
0.514461
0.514989
0.515424
0.515742
0.51619
0.516458
0.516321
0.516488
0.516328
0.515892
0.51561
0.515617
0.515836
0.516074
0.516234
0.516189
0.515799
0.516187
0.5156
0.514981
0.514873
0.514341
0.513882
0.513916
0.513881
0.513385
0.513449
0.513305
0.513268
0.513326
0.513332
0.513209
0.512935
0.513271
0.513362
0.513684
0.513577
0.513341
0.512963
0.512804
0.513102
0.513299
0.513366
0.512963
0.513125
0.513436
0.51353
0.513652
0.513875
0.513801
0.513714
0.513898
0.513866
0.514016
0.514171
0.514408
0.514248
0.514086
0.513862
0.513795
0.514071
0.51407
0.513906
0.513794
0.513914
0.514103
0.514039
0.514001
0.514039
0.51397
0.513924
0.513749
0.513683
0.513609
0.513626
0.513433
0.513539
0.513459
0.513615
0.513422
0.513357
0.513429
0.513409
0.513306
0.513276
0.513333
0.513456
0.513451
0.513377
0.513311
0.513231
0.513101
0.513015
0.513149
0.513118
0.513158
0.5134
