0.18146
0.10119
0.083388
0.0798423
0.0778705
0.0758575
0.0778596
0.0788557
0.0810031
0.0833834
0.0852858
0.0862221
0.088775
0.0908949
0.0931889
0.0938735
0.0961746
0.099342
0.101112
0.103624
0.104999
0.107021
0.108751
0.111145
0.11218
0.112933
0.115588
0.117276
0.118085
0.119111
0.120735
0.122051
0.122708
0.123663
0.125102
0.127101
0.129332
0.130179
0.131064
0.132014
0.133281
0.134667
0.135597
0.137486
0.140017
0.141979
0.143243
0.144324
0.145062
0.14663
0.148449
0.14897
0.149928
0.150716
0.1517
0.153268
0.154753
0.155983
0.157228
0.158217
0.159799
0.161165
0.162113
0.163574
0.164944
0.166365
0.167131
0.168422
0.169135
0.170066
0.170924
0.171532
0.172479
0.173587
0.174427
0.175318
0.176241
0.17737
0.178534
0.179928
0.181176
0.181671
0.182409
0.183078
0.18443
0.185728
0.186101
0.187188
0.187918
0.18879
0.190206
0.191123
0.191924
0.192995
0.194004
0.19498
0.195741
0.196452
0.197325
