0.302231
0.202621
0.169262
0.161847
0.156665
0.157345
0.161476
0.161055
0.163996
0.168429
0.170713
0.173423
0.176628
0.179499
0.180885
0.180732
0.18307
0.185615
0.186137
0.187946
0.190498
0.191163
0.19203
0.193535
0.196352
0.198097
0.200038
0.204054
0.206145
0.208494
0.21057
0.212711
0.21543
0.217569
0.219551
0.221748
0.223163
0.224766
0.226438
0.227721
0.229197
0.230335
0.230885
0.232204
0.233386
0.234996
0.235802
0.237114
0.238095
0.239352
0.239914
0.241075
0.242303
0.24343
0.244804
0.245714
0.24748
0.248414
0.249097
0.249769
0.250569
0.251615
0.252533
0.253521
0.254408
0.255399
0.256766
0.257957
0.259068
0.259932
0.259999
0.26131
0.262053
0.263376
0.264412
0.264798
0.265423
0.266254
0.266829
0.267639
0.268477
0.269574
0.270196
0.27079
0.271334
0.272212
0.273275
0.2739
0.274666
0.27532
0.276389
0.277148
0.277994
0.279217
0.279994
0.281255
0.282032
0.282297
0.2827
