0.488746
0.479005
0.485952
0.477623
0.482295
0.478195
0.471225
0.472912
0.478319
0.480413
0.482548
0.485981
0.479879
0.485357
0.486339
0.487004
0.486621
0.487756
0.487188
0.488499
0.492155
0.493141
0.494493
0.495417
0.495845
0.497737
0.499386
0.498707
0.499636
0.49995
0.501501
0.50399
0.504554
0.503763
0.503694
0.504134
0.503855
0.504307
0.505658
0.506675
0.507468
0.507468
0.508444
0.509756
0.510133
0.511378
0.512197
0.512238
0.513429
0.513088
0.514096
0.513943
0.513699
0.513975
0.513642
0.513227
0.513562
0.513572
0.514014
0.514115
0.514188
0.514253
0.514506
0.514312
0.515179
0.515167
0.515009
0.514928
0.51444
0.51464
0.514722
0.514984
0.515414
0.51534
0.51603
0.515615
0.515606
0.515282
0.51489
0.51519
0.515172
0.515108
0.514906
0.51487
0.514906
0.515187
0.514861
0.514368
0.513602
