0.149254
0.186858
0.208672
0.232911
0.242892
0.245929
0.254208
0.263238
0.271638
0.274893
0.279302
0.287272
0.289899
0.294258
0.295888
0.299525
0.303437
0.30727
0.308628
0.31054
0.313642
0.317092
0.316683
0.317612
0.32054
0.32078
0.321998
0.322345
0.324334
0.325637
0.326802
0.327768
0.328877
0.329611
0.331098
0.331688
0.330969
0.332432
0.334844
0.337076
0.338
0.33854
0.33924
0.340177
0.339781
0.340046
0.339962
0.340988
0.341275
0.34257
0.34376
0.343532
0.344144
0.344767
0.345731
0.345824
0.345618
0.346635
0.346384
0.347361
0.348693
0.349632
0.350367
0.350704
0.352053
0.35229
0.352471
0.35297
0.353577
0.35475
0.354801
0.355222
0.356293
0.356916
0.357825
0.358527
0.359332
0.359179
0.359709
0.359449
0.35938
0.359636
0.360223
0.360713
0.361164
0.361306
0.361508
0.36164
0.361569
0.362019
0.362199
0.362345
0.362725
0.362242
0.362811
0.363138
0.363682
0.364261
0.363864
