0.542373
0.482456
0.458005
0.444444
0.43026
0.424967
0.424029
0.424624
0.425574
0.426606
0.428991
0.430879
0.432308
0.432432
0.437057
0.438099
0.43794
0.436361
0.437399
0.438467
0.438747
0.441049
0.440308
0.441195
0.441588
0.442135
0.443078
0.443007
0.443324
0.44392
0.445558
0.445889
0.445683
0.446525
0.448465
0.449689
0.44912
0.449626
0.450658
0.451587
0.452102
0.453136
0.453542
0.45348
0.453919
0.454352
0.455332
0.457133
0.456556
0.456536
0.456444
0.456294
0.457119
0.457408
0.458361
0.458634
0.457823
0.45871
0.45841
0.45879
0.459129
0.458763
0.458932
0.459364
0.459791
0.460407
0.461136
0.460912
0.461077
0.461155
0.461199
0.461834
0.462405
0.462456
0.462654
0.462771
0.462966
0.46323
0.463685
0.463955
0.463899
0.463857
0.464542
0.464734
0.464921
0.465032
0.465339
0.465387
0.464854
0.464845
0.464954
0.464709
0.464972
0.464673
0.464461
0.464233
0.464905
0.465706
0.465846
