0.418398
0.419753
0.411825
0.431115
0.429543
0.421053
0.427277
0.420972
0.421891
0.418676
0.424009
0.427849
0.423768
0.426829
0.424477
0.422828
0.421062
0.419116
0.421714
0.421967
0.421633
0.423283
0.424044
0.424079
0.425303
0.426373
0.423081
0.425752
0.426078
0.427323
0.428016
0.426853
0.42669
0.427626
0.427002
0.426426
0.426186
0.426666
0.427813
0.4278
0.427013
0.426131
0.426068
0.426571
0.427238
0.426422
0.425844
0.426956
0.42713
0.426896
0.428705
0.428703
0.429435
0.428754
0.428603
0.42822
0.428068
0.428512
0.429239
0.429157
0.428859
0.42911
0.42925
0.429434
0.430018
0.430449
0.430356
0.429578
0.429762
0.430062
0.42992
0.429331
0.429445
0.429386
0.429199
0.42847
0.42871
0.429334
0.428258
0.428337
0.428466
0.429107
0.429245
0.428851
0.429254
0.428869
0.429347
0.430316
0.430128
