0
0.0841785
0.13887
0.164377
0.183128
0.206469
0.224484
0.24122
0.249601
0.256973
0.263289
0.270041
0.275382
0.279062
0.286349
0.292373
0.297896
0.302481
0.306334
0.311166
0.315709
0.31995
0.322814
0.325899
0.329999
0.331557
0.334738
0.337794
0.340038
0.343055
0.34698
0.349649
0.351401
0.354472
0.35699
0.359135
0.360425
0.362394
0.365016
0.36661
0.369515
0.370943
0.372099
0.373698
0.374886
0.377632
0.378898
0.379655
0.380313
0.381411
0.382946
0.384212
0.385007
0.385657
0.386756
0.387427
0.389249
0.390101
0.391387
0.392642
0.394071
0.394626
0.395587
0.395968
0.396802
0.397633
0.398044
0.398911
0.400394
0.40076
0.400798
0.402095
0.403009
0.403336
0.403224
0.40411
0.40546
0.406145
0.407493
0.408423
0.408977
0.409181
0.409703
0.410355
0.411195
0.4119
0.412277
0.412572
0.412829
0.413334
0.413919
0.413958
0.414533
0.415138
0.416317
0.416911
0.418018
0.417993
0.418814
0.419041
0.419471
0.42003
0.419877
0.420416
0.420608
0.421008
0.42196
0.422622
0.423134
0.423596
0.424051
0.424518
0.424541
0.424476
0.424964
0.425354
0.426325
0.426729
0.42713
0.427786
0.427936
0.428358
0.428713
0.429276
0.429877
0.430185
0.430146
0.430061
0.430486
0.430888
0.430931
0.431177
0.431547
0.431943
0.432384
0.432479
0.432882
0.432956
0.433146
0.433335
0.433665
0.433842
0.434182
0.434683
0.434695
0.435042
0.434971
0.435457
0.43569
0.436179
0.436708
0.436854
0.437118
0.43726
0.43785
0.437972
0.43823
0.438604
0.438847
0.439303
0.439518
0.439871
0.439996
0.440411
0.440311
0.44053
0.440636
0.441024
0.441171
0.441113
0.441463
0.441854
0.441927
0.441807
0.441988
0.442228
0.442583
0.442941
0.443023
0.443298
0.443251
0.443407
0.44359
0.443446
0.443414
0.443822
0.444237
0.444146
0.444393
0.444626
0.444969
0.445088
0.445497
0.44571
0.446054
0.446078
0.446247
0.446375
0.446578
