0.0169492
0.16568
0.23514
0.275184
0.306226
0.328378
0.339889
0.356672
0.366023
0.375488
0.382353
0.388417
0.391654
0.399438
0.406361
0.412881
0.418299
0.422388
0.42681
0.430572
0.432787
0.43631
0.440359
0.444785
0.448494
0.450813
0.4528
0.454953
0.457379
0.458277
0.459693
0.462452
0.465005
0.466352
0.468072
0.469933
0.47224
0.473008
0.474919
0.475478
0.476933
0.478972
0.479948
0.481275
0.483385
0.48443
0.485023
0.486679
0.488632
0.489526
0.490137
0.490676
0.491579
0.491767
0.493146
0.494009
0.495351
0.497122
0.49805
0.499292
0.500382
0.501041
0.502551
0.503372
0.504066
0.505133
0.505821
0.505643
0.506765
0.507537
0.508134
0.508467
0.508891
0.510286
0.510892
0.511989
0.512822
0.513366
0.514306
0.514352
0.514716
0.51528
0.515258
0.515896
0.516714
0.516837
0.51722
0.518159
0.518573
0.519099
0.519624
0.519827
0.52044
0.520961
0.521354
0.521565
0.522
0.522071
0.522227
0.523059
0.52385
0.524419
0.524529
0.52498
0.525616
0.525655
0.526061
0.526427
0.525912
0.526448
0.526891
0.527356
0.527521
0.527787
0.52813
0.528785
0.528841
0.52903
0.52958
0.52995
0.530119
0.530168
0.53081
0.531606
0.531708
0.531597
0.531655
0.531676
0.531695
0.532086
0.532336
0.532607
0.532929
0.532937
0.533265
0.533684
0.533729
0.534066
0.534521
0.53484
0.535077
0.535178
0.535492
0.535778
0.536107
0.536155
0.536612
0.536665
0.536795
0.53744
0.537844
0.537979
0.537848
0.538296
0.538505
0.538862
0.53873
0.538786
0.539147
0.539375
0.539379
0.539646
0.539726
0.539786
0.540144
0.540324
0.54043
0.540661
0.540896
0.54116
0.541279
0.541154
0.541111
0.54138
0.541573
0.541826
0.541748
0.542481
0.542576
0.542847
0.542955
0.542907
0.543073
0.543193
0.543184
0.54313
0.543135
0.543469
0.543784
0.543961
0.544122
0.544168
0.544251
0.544452
0.544779
0.545025
0.545229
0.545569
0.545634
