0.492837
0.494135
0.493646
0.499633
0.500292
0.494866
0.495146
0.502373
0.501625
0.501752
0.497733
0.497543
0.497845
0.498735
0.499015
0.500554
0.500606
0.501235
0.5
0.500148
0.503171
0.503427
0.504883
0.505119
0.50687
0.506214
0.505789
0.508197
0.508374
0.509488
0.510224
0.511245
0.510031
0.510158
0.51058
0.510621
0.50916
0.510297
0.510291
0.510207
0.511591
0.511666
0.512537
0.512342
0.511688
0.511494
0.510974
0.5123
0.511737
0.511722
0.511876
0.512043
0.512275
0.512108
0.511876
0.512183
0.512492
0.512458
0.512101
0.512205
0.512363
0.512557
0.513312
0.513011
0.513197
0.513456
0.514473
0.515016
0.514489
0.514021
0.514499
0.514732
0.514595
0.514321
0.514345
0.514393
0.51388
0.515001
0.515165
0.514286
0.514123
0.513756
0.513718
0.513943
0.513914
0.513672
0.513551
0.513865
0.513564
0.51333
0.513214
0.512611
0.512898
0.512471
0.512769
0.512703
0.51258
0.512548
0.513022
0.513192
0.512872
0.512573
0.512513
0.512325
0.512236
0.511745
0.511181
0.511163
0.511268
0.511317
0.511104
0.510796
0.510784
0.510954
0.511233
0.511333
0.511746
0.511731
0.51142
0.512143
0.512389
0.512406
0.512361
0.512221
0.51164
0.511884
0.512012
0.511923
0.511939
0.511882
0.511941
0.51199
0.512154
0.512195
0.512293
0.512449
0.512691
0.512675
0.512796
0.512875
0.512782
0.512802
0.512408
0.51241
0.512464
0.512195
0.51206
0.511889
0.5119
0.512284
0.512323
0.512447
0.512396
0.51226
0.512111
0.512281
0.51222
0.512066
0.512091
0.512028
0.512123
0.512046
0.512141
0.511965
0.511906
0.511819
0.511711
0.51184
0.51162
0.5117
0.511707
0.511862
0.511711
0.511601
0.511447
0.511496
0.511471
0.511653
0.511559
0.511595
0.511682
0.511765
0.511767
0.511627
0.511867
0.51201
0.511924
0.511904
0.512032
