0.212903
0.121026
0.0939415
0.0859053
0.0813142
0.0777434
0.080758
0.0800203
0.080429
0.0814234
0.0806634
0.0787053
0.0802211
0.0808882
0.0810199
0.0811628
0.0815963
0.083213
0.0836999
0.0856036
0.0857309
0.0866009
0.0874228
0.0888518
0.0894186
0.0907503
0.0909262
0.0928623
0.0933357
0.0952871
0.0965483
0.0975016
0.0988064
0.101163
0.10224
0.104384
0.1055
0.10654
0.107737
0.108382
0.109907
0.110203
0.1115
0.112336
0.113077
0.11379
0.114327
0.115269
0.116006
0.116874
0.117461
0.118233
0.119357
0.119515
0.120287
0.120363
0.121829
0.122968
0.123908
0.124728
0.124989
0.125314
0.125713
0.126437
0.127368
0.128152
0.129111
0.129956
0.131138
0.131619
0.132575
0.133092
0.133912
0.134395
0.134884
0.13562
0.136078
0.136739
0.1372
0.138061
0.138606
0.139411
0.139735
0.140519
0.140854
0.141505
0.141779
0.142595
0.14333
0.143622
0.144779
0.145619
0.146467
0.147595
0.148546
0.149228
0.149328
0.150154
0.150707
