0.594393
0.361951
0.295885
0.28356
0.283041
0.277724
0.271709
0.266601
0.267683
0.265818
0.261807
0.260595
0.261873
0.260666
0.264168
0.265636
0.264957
0.265957
0.265334
0.265224
0.267276
0.269663
0.268896
0.269711
0.270278
0.272588
0.274707
0.275769
0.275409
0.276093
0.276247
0.277925
0.276894
0.277964
0.279186
0.280655
0.281
0.281183
0.280961
0.280381
0.280223
0.28105
0.281766
0.282619
0.283705
0.283967
0.285387
0.286068
0.285998
0.28718
0.28757
0.287403
0.288033
0.288802
0.290271
0.291017
0.291209
0.291562
0.291639
0.291845
0.293046
0.293589
0.294241
0.294786
0.295551
0.296117
0.296686
0.296628
0.296499
0.297092
0.297597
0.297463
0.297687
0.298275
0.29932
0.300229
0.300255
0.300728
0.301339
0.300886
0.301499
0.301937
0.302368
0.302584
0.302703
0.302838
0.30324
0.303728
0.303562
0.303925
0.304157
0.304853
0.305357
0.305801
0.306066
0.306528
0.306675
0.306761
0.307635
