0.35443
0.377358
0.403109
0.406636
0.413584
0.4215
0.421481
0.421624
0.416862
0.415542
0.421311
0.422172
0.416877
0.418515
0.416247
0.419538
0.418936
0.419943
0.419448
0.420316
0.420292
0.421031
0.418139
0.419583
0.421915
0.421471
0.420993
0.421574
0.422798
0.420014
0.422257
0.421581
0.42127
0.421366
0.422091
0.422092
0.42443
0.42562
0.42494
0.426057
0.424659
0.422999
0.42262
0.421399
0.422974
0.42314
0.423281
0.42367
0.423766
0.423202
0.423036
0.423349
0.424363
0.423621
0.424497
0.425757
0.425486
0.425193
0.424898
0.424896
0.4251
0.424195
0.424401
0.424397
0.424059
0.424511
0.423473
0.423783
0.424066
0.423992
0.424272
0.423532
0.423662
0.423373
0.422579
0.422638
0.422932
0.423273
0.423259
0.422569
0.422997
0.42338
0.42352
0.423355
0.423231
0.423153
0.422597
0.423015
0.422786
