0.0504032
0.2148
0.261759
0.279554
0.290584
0.301861
0.30818
0.313192
0.313607
0.311782
0.315343
0.319194
0.317556
0.317987
0.319486
0.320782
0.320993
0.319344
0.319026
0.32015
0.320652
0.319476
0.319745
0.319198
0.319738
0.319632
0.321449
0.320724
0.320125
0.321107
0.32251
0.323671
0.32363
0.323726
0.323677
0.324872
0.325788
0.326487
0.326659
0.32727
0.327262
0.327754
0.328605
0.329109
0.330002
0.330943
0.33132
0.3313
0.331542
0.331923
0.332379
0.332997
0.332898
0.333487
0.333417
0.334061
0.334179
0.334436
0.335614
0.336061
0.335742
0.336201
0.336719
0.336859
0.336909
0.336822
0.337575
0.338257
0.338572
0.339263
0.339769
0.340061
0.340844
0.341269
0.3415
0.34179
0.342172
0.342533
0.342539
0.342735
0.342848
0.343407
0.344092
0.344367
0.344617
0.344836
0.345611
0.345992
0.346219
0.346568
0.346661
0.346789
0.34703
0.3473
0.347976
0.348153
0.348442
0.348703
0.349116
0.349061
0.349238
0.349497
0.349729
0.350198
0.350908
0.351234
0.351396
0.351703
0.35182
0.352309
0.35232
0.352975
0.353393
0.354081
0.354667
0.354629
0.354632
0.354946
0.355188
0.355525
0.355918
0.356376
0.356667
0.356928
0.357366
0.357639
0.357748
0.357965
0.358166
0.358764
0.359019
0.359097
0.359518
0.35966
0.359721
0.35972
0.36018
0.360521
0.360649
0.360793
0.360681
0.360755
0.360748
0.360717
0.360993
0.36147
0.361566
0.361655
0.361496
0.361906
0.362425
0.362781
0.362791
0.362774
0.363142
0.363537
0.363892
0.364222
0.364736
0.364713
0.364649
0.365112
0.365084
0.365418
0.365618
0.365738
0.365977
0.366355
0.366706
0.366846
0.36698
0.367246
0.367571
0.367594
0.367895
0.367944
0.367985
0.368146
0.368523
0.368703
0.368641
0.368893
0.369094
0.369538
0.369668
0.369934
0.370111
0.37041
0.37052
0.370751
0.371075
0.371189
0.371126
0.3713
0.371185
0.371383
0.371371
0.371478
0.371917
