0.00198413
0.0136319
0.0136986
0.0177427
0.0205047
0.0220033
0.0232426
0.0248262
0.0273188
0.028004
0.0301508
0.0300175
0.0310078
0.0305212
0.0314409
0.032752
0.0338799
0.0350129
0.035418
0.0363464
0.0372998
0.0387546
0.0403997
0.0414091
0.0424345
0.0436748
0.0448945
0.0462846
0.0476149
0.0475987
0.0488553
0.0500808
0.0509659
0.0519669
0.0532478
0.0537689
0.0543417
0.0549885
0.0565309
0.0574423
0.0579936
0.059728
0.060259
0.060763
0.0616508
0.0628997
0.0639241
0.0649255
0.0651981
0.0659317
0.0669119
0.0678534
0.0680906
0.0688992
0.0699677
0.0704893
0.0709169
0.071696
0.0722577
0.0729726
0.07358
0.0742656
0.0747121
0.0753261
0.0759704
0.0766154
0.0773286
0.077946
0.0784076
0.0789998
0.0794861
0.0797082
0.0799878
0.0803737
0.0805795
0.0810651
0.0815843
0.0820947
0.0827113
0.0831165
0.0837911
0.0840932
0.0846719
0.0850835
0.0855592
0.0858611
0.0868857
0.0874187
0.0880196
0.0883002
0.0889208
0.0895366
0.090337
0.0908184
0.0915396
0.0923081
0.0926713
0.0930988
0.093397
0.0936255
0.094045
0.0942612
0.094623
0.0952003
0.0954294
0.0960757
0.096399
0.0967478
0.0972597
0.0978374
0.0981188
0.0982532
0.0984469
0.0988079
0.099343
0.0995361
0.0998703
0.100172
0.100705
0.101155
0.101613
0.10196
0.102369
0.102588
0.103207
0.103595
0.104006
0.104303
0.104647
0.104905
0.10578
0.106002
0.106415
0.106805
0.106988
0.107414
0.107662
0.107941
0.108073
0.108373
0.108789
0.109288
0.10967
0.110206
0.110278
0.110896
0.111386
0.111568
0.111925
0.112302
0.112607
0.113017
0.113209
0.113648
0.114051
0.114297
0.114534
0.114889
0.115338
0.115696
0.115848
0.116137
0.116485
0.116852
0.117146
0.117366
0.117833
0.11818
0.11855
0.118959
0.119224
0.119611
0.120118
0.12056
0.120829
0.121034
0.121395
0.121858
0.122213
0.122705
0.123079
0.123335
0.123568
0.123871
0.124109
0.124408
0.124874
0.124985
0.125266
0.125356
0.125631
0.125885
0.126171
0.126564
0.12683
0.127042
0.127372
0.127795
0.128
