0.481707
0.502276
0.488253
0.48628
0.482325
0.486174
0.489261
0.4926
0.489009
0.488077
0.489495
0.489176
0.486884
0.491098
0.491495
0.491554
0.491597
0.490326
0.491046
0.493226
0.495607
0.496287
0.497347
0.499752
0.502915
0.50326
0.504187
0.504667
0.505223
0.505258
0.504562
0.504986
0.505372
0.507227
0.508531
0.507944
0.508346
0.507342
0.506889
0.507358
0.507681
0.508317
0.508424
0.510445
0.509892
0.509912
0.510858
0.511655
0.51186
0.511972
0.511954
0.510914
0.51079
0.51014
0.51007
0.510434
0.510684
0.511476
0.511325
0.511551
0.511484
0.510741
0.510955
0.51115
0.512149
0.512159
0.511379
0.511799
0.512665
0.512517
0.513049
0.513621
0.51357
0.513826
0.513923
0.513448
0.513583
0.513477
0.513473
0.513312
0.513273
0.513518
0.513007
0.512948
0.512991
0.51376
0.513848
0.51378
0.513908
0.513912
0.513473
0.513261
0.512764
0.512998
0.513114
0.513256
0.51318
0.512992
0.512548
0.512693
0.512757
0.51254
0.512473
0.512638
0.51275
0.512742
0.513222
0.513424
0.513647
0.513947
0.513506
0.51312
0.512464
0.512574
0.513089
0.513696
0.513697
0.513525
0.513256
0.513265
0.513189
0.51313
0.513319
0.513244
0.513028
0.512654
0.512591
0.512623
0.512498
0.512504
0.512576
0.512373
0.512521
0.512448
0.512563
0.512462
0.512315
0.512077
0.512078
0.512634
0.512638
0.512456
0.512744
0.512913
0.512995
0.513104
0.51332
0.513358
0.513045
0.513002
0.512536
0.512606
0.512856
0.5131
0.512941
0.513227
0.513108
0.513214
0.513404
0.513485
0.513411
0.513332
0.513432
0.51325
0.51325
0.5131
0.513481
0.51373
0.513721
0.513699
0.513351
0.512985
0.512781
0.512929
0.513172
0.513037
0.512861
0.512721
0.512684
0.512688
0.512634
0.512625
0.512527
0.512516
0.512238
0.511842
0.511472
0.511063
0.510949
