0.00409836
0.00822199
0.0141988
0.0155622
0.0188226
0.0210843
0.0227928
0.0273834
0.0283912
0.0306102
0.0305967
0.0311943
0.0333614
0.035236
0.0359472
0.0378941
0.0407177
0.0405513
0.0411517
0.0418451
0.0443634
0.0450369
0.0467913
0.0480962
0.0487308
0.0498571
0.0511012
0.0520621
0.0534207
0.0544866
0.0547631
0.0561835
0.056534
0.0569417
0.0576483
0.0582726
0.0594936
0.0603247
0.0608412
0.0617
0.062181
0.0631934
0.0640025
0.0648068
0.0656267
0.066332
0.0665534
0.0668812
0.0677077
0.0690114
0.0697434
0.0705782
0.0712336
0.0720153
0.0728325
0.0737599
0.074185
0.0746694
0.0755138
0.0758199
0.0763183
0.0765399
0.0772011
0.0779552
0.0786668
0.0794532
0.0799832
0.0802771
0.0811452
0.0820287
0.0825604
0.083818
0.0848161
0.0853467
0.086141
0.0864078
0.0869966
0.0872118
0.0882311
0.0886482
0.0887918
0.0894207
0.0900131
0.0906768
0.09116
0.0911814
0.0920815
0.0925751
0.0933583
0.0941844
0.0947289
0.0956394
0.0960885
0.0967574
0.0975876
0.0981801
0.0989066
0.0997328
0.100372
0.100847
0.101656
0.102355
0.102919
0.103459
0.103984
0.104225
0.104669
0.105089
0.105486
0.105941
0.106785
0.107124
0.107441
0.10774
0.108238
0.108636
0.108815
0.109415
0.109883
0.110058
0.110586
0.110764
0.111195
0.111609
0.111656
0.111908
0.112103
0.112914
0.112883
0.113394
0.113777
0.114092
0.11415
0.114224
0.114533
0.115169
0.115408
0.115697
0.11602
0.116583
0.116985
0.117473
0.117633
0.11797
0.118347
0.118712
0.118848
0.119199
0.119555
0.120152
0.120468
0.120868
0.121556
0.121972
0.122327
0.122707
0.1233
0.123721
0.123921
0.124211
0.124559
0.124986
0.125092
0.125292
0.12573
0.126378
0.126888
0.127217
0.127377
0.127529
0.127808
0.128092
0.128512
0.128767
0.129524
0.129759
0.130103
0.130574
0.130728
0.130864
0.131226
0.131411
0.131526
0.131812
0.1323
0.132559
0.132775
0.13318
0.133582
0.133996
0.134136
0.134312
0.134402
0.134899
0.135425
0.135648
0.135908
0.136165
0.136409
