0.0351562
0.176241
0.216963
0.242032
0.259688
0.273904
0.280985
0.282298
0.286716
0.28952
0.290855
0.294303
0.295868
0.296512
0.298338
0.301225
0.305246
0.307204
0.30976
0.312411
0.31345
0.315216
0.316975
0.316978
0.316865
0.317505
0.316617
0.31987
0.32156
0.32205
0.321611
0.323165
0.324117
0.323406
0.324387
0.324405
0.325043
0.325087
0.32614
0.326074
0.327268
0.327629
0.328747
0.328173
0.329075
0.328907
0.329562
0.329371
0.329717
0.329947
0.330552
0.332272
0.332272
0.332778
0.333135
0.333496
0.334136
0.335088
0.335608
0.335974
0.335948
0.336166
0.336597
0.336796
0.337103
0.338457
0.339029
0.339489
0.339652
0.339845
0.340618
0.340847
0.341449
0.341845
0.342419
0.342504
0.342543
0.342918
0.343351
0.343555
0.343585
0.344174
0.344441
0.344491
0.344403
0.344736
0.345169
0.344773
0.34504
0.345333
0.345584
0.345761
0.345975
0.346901
0.346883
0.346967
0.34727
0.347824
0.348256
0.348194
0.348953
0.349373
0.349695
0.349791
0.350252
0.35134
0.351277
0.351689
0.351468
0.351216
0.351275
0.351071
0.351456
0.351255
0.351581
0.351813
0.352226
0.352327
0.352383
0.35262
0.352972
0.353174
0.353296
0.353394
0.35356
0.353952
0.354229
0.354504
0.355086
0.355236
0.355648
0.355878
0.35601
0.356326
0.356723
0.357005
0.357607
0.358184
0.358176
0.358272
0.358307
0.358192
0.358454
0.358469
0.358514
0.358676
0.358566
0.358552
0.358961
0.359102
0.359344
0.359804
0.360234
0.360405
0.360623
0.36096
0.361216
0.361199
0.36131
0.361368
0.36137
0.361746
0.362057
0.362063
0.362501
0.362643
0.36302
0.363211
0.363391
0.363542
0.363692
0.363917
0.364197
0.364436
0.364716
0.364762
0.364666
0.364989
0.365085
0.365179
0.365416
0.36556
0.365773
0.365873
0.366033
0.366199
0.366533
0.366773
0.366987
0.367283
0.367326
0.367489
0.367626
0.367551
0.367775
0.368165
0.36828
0.368256
0.368277
