0.550432
0.511976
0.520197
0.518328
0.512139
0.51499
0.513976
0.510599
0.509262
0.505417
0.505732
0.507812
0.507096
0.505547
0.503424
0.502937
0.505292
0.506892
0.506227
0.505679
0.507597
0.506237
0.504488
0.506281
0.504544
0.505848
0.50421
0.504808
0.506079
0.504067
0.5036
0.502976
0.503828
0.50398
0.504167
0.503761
0.504868
0.504075
0.50496
0.504799
0.503735
0.50425
0.503455
0.502766
0.501978
0.503063
0.503532
0.503642
0.503598
0.503584
0.50378
0.503473
0.503628
0.503915
0.504843
0.505579
0.5058
0.506766
0.506252
0.506597
0.506002
0.505452
0.505507
0.505773
0.506238
0.506055
0.506051
0.505786
0.505635
0.505072
0.505877
0.506045
0.505779
0.506501
0.506774
0.506881
0.507315
0.507829
0.508048
0.508193
0.507641
0.508062
0.508579
0.509083
0.509421
0.50961
0.509703
0.510051
0.510283
0.51022
0.510477
0.51025
0.510621
0.510602
0.511033
0.511139
0.511166
0.51109
0.511068
0.511701
0.511943
0.512055
0.512056
0.512034
0.511646
0.511315
0.51132
0.511133
0.511281
0.511317
0.511927
0.511926
0.512404
0.512715
0.5126
0.5127
0.512569
0.512508
0.512619
0.512706
0.512621
0.512497
0.512334
0.512286
0.512676
0.513137
0.513154
0.513145
0.51278
0.512802
0.513009
0.5131
0.513157
0.513156
0.51314
0.513039
0.512636
0.512623
0.512403
0.512331
0.512309
0.512494
0.512242
0.51212
0.511606
0.511557
0.511521
0.511478
0.511137
0.511061
0.511336
0.511175
0.511307
0.511021
0.511051
0.511119
0.511051
0.511229
0.510856
0.51077
0.510827
0.510989
0.510971
0.511051
0.511076
0.511114
0.511103
0.51105
0.511073
0.51129
0.511369
0.511558
0.51147
0.511548
0.511392
0.511912
0.511955
0.512153
0.511919
0.511741
0.511706
0.511657
0.511969
0.512183
0.512187
0.512259
0.512152
0.512483
0.512543
