0.030426
0.0766932
0.0866089
0.105
0.117814
0.125585
0.139481
0.145844
0.154362
0.160945
0.16182
0.166106
0.170781
0.172955
0.179024
0.181792
0.1852
0.188147
0.192544
0.195354
0.198659
0.204295
0.207841
0.211062
0.215761
0.218732
0.224149
0.228021
0.23066
0.23407
0.235937
0.238575
0.24184
0.24478
0.248741
0.251891
0.254708
0.257672
0.260184
0.262698
0.266054
0.268828
0.271228
0.273311
0.276394
0.278526
0.280691
0.281652
0.283823
0.286003
0.288058
0.289162
0.291352
0.293354
0.29551
0.297195
0.298713
0.300291
0.302672
0.304263
0.306275
0.307865
0.309199
0.310771
0.31261
0.313799
0.314424
0.316536
0.317671
0.318915
0.320956
0.3225
0.324401
0.325484
0.327098
0.328528
0.329866
0.330812
0.332523
0.334335
0.33564
0.336512
0.337466
0.338648
0.339676
0.340751
0.341759
0.342837
0.344029
0.345524
0.346516
0.347931
0.349286
0.350076
0.351462
0.352831
0.354021
0.354809
0.355509
0.356483
0.357452
0.358772
0.359345
0.360371
0.36135
0.362491
0.363407
0.363984
0.365066
0.36604
0.366658
0.367628
0.368744
0.370017
0.370396
0.371001
0.371944
0.373024
0.373802
0.374663
0.375433
0.375993
0.376905
0.377845
0.378239
0.37929
0.379923
0.380381
0.381196
0.381844
0.382861
0.38332
0.383836
0.384484
0.385195
0.385758
0.386377
0.387057
0.387512
0.387899
0.388348
0.38905
0.389495
0.389982
0.390543
0.391181
0.391655
0.392363
0.393211
0.393587
0.394103
0.394831
0.395384
0.395831
0.396328
0.39706
0.39749
0.398143
0.398547
0.398949
0.399409
0.399867
0.400204
0.400755
0.401278
0.401577
0.402033
0.402662
0.403145
0.403364
0.403826
0.404459
0.405008
0.405628
0.406159
0.406563
0.407173
0.4076
0.407659
0.408019
0.408472
0.40876
0.409105
0.409487
0.409811
0.410354
0.410956
0.411153
0.411431
0.412039
0.412813
0.413363
0.413929
0.414464
0.414846
0.415417
0.415818
0.41628
0.41662
