0.00788955
0.0160643
0.03002
0.044
0.056917
0.0685296
0.0747875
0.0831266
0.0891832
0.094691
0.100334
0.1032
0.106126
0.108303
0.110896
0.115554
0.118587
0.122068
0.125591
0.128466
0.132008
0.135246
0.138049
0.142165
0.146225
0.149089
0.152082
0.155732
0.157955
0.16063
0.16307
0.16591
0.169007
0.171264
0.173332
0.17536
0.177282
0.180015
0.181496
0.184068
0.187125
0.189177
0.191593
0.193572
0.195885
0.197654
0.199816
0.202009
0.203698
0.205433
0.207254
0.208994
0.211086
0.213544
0.214799
0.21629
0.217809
0.219181
0.22085
0.222432
0.223855
0.225156
0.22659
0.227569
0.228624
0.230286
0.231349
0.233131
0.233974
0.235438
0.236812
0.237865
0.239073
0.239945
0.24092
0.242706
0.243773
0.244457
0.245499
0.24697
0.248452
0.249931
0.251122
0.251933
0.25267
0.253382
0.254388
0.255341
0.256071
0.257354
0.258355
0.259443
0.260866
0.261668
0.262761
0.263701
0.264815
0.265536
0.266619
0.267774
0.268543
0.269228
0.270066
0.270762
0.271585
0.272681
0.273425
0.274127
0.275208
0.276053
0.276751
0.277323
0.277881
0.27842
0.279761
0.280232
0.280615
0.28136
0.282265
0.283319
0.283743
0.284565
0.285042
0.285757
0.286531
0.286848
0.287696
0.288603
0.289232
0.290065
0.291094
0.291798
0.292546
0.293189
0.293675
0.294404
0.294869
0.295804
0.296681
0.297395
0.298127
0.298532
0.299133
0.299739
0.300312
0.300837
0.301305
0.301786
0.302562
0.303272
0.304071
0.305094
0.305743
0.306436
0.307177
0.308166
0.308577
0.309258
0.309716
0.310562
0.311225
0.311587
0.312174
0.312602
0.313178
0.313896
0.314783
0.315635
0.316164
0.316758
0.317282
0.317671
0.317991
0.318546
0.319176
0.319744
0.320526
0.320947
0.321256
0.321705
0.322202
0.322508
0.323035
0.323596
0.323869
0.324243
0.324774
0.325311
0.325898
0.326283
0.326744
0.327102
0.327655
0.328144
0.328545
0.329165
0.329573
0.330187
0.330712
