0.548077
0.542857
0.534328
0.538986
0.546828
0.544125
0.55088
0.550452
0.545637
0.543923
0.544956
0.543789
0.545832
0.544928
0.547068
0.544507
0.544608
0.541231
0.53984
0.539151
0.539547
0.539529
0.539945
0.537722
0.537754
0.537296
0.536038
0.535524
0.537104
0.535818
0.535234
0.535657
0.536447
0.53675
0.537349
0.536171
0.535511
0.53497
0.534882
0.534648
0.533602
0.532622
0.53219
0.533279
0.533311
0.532614
0.532975
0.532394
0.5322
0.531879
0.532728
0.532745
0.533579
0.533096
0.533137
0.532875
0.532757
0.532916
0.532892
0.532507
0.532596
0.532305
0.53229
0.531281
0.531678
0.531489
0.531646
0.531375
0.531837
0.531144
0.53155
0.531877
0.532141
0.532443
0.532333
0.532491
0.532801
0.533018
0.532722
0.532098
0.532456
0.532408
0.532178
0.532532
0.532247
0.532309
0.53243
0.532564
0.532954
0.532952
0.533086
0.533071
0.532726
0.53267
0.532338
0.532597
0.532529
0.532385
0.532273
0.532297
0.532132
0.531716
0.531757
0.531724
0.53141
0.531085
0.531013
0.530636
0.530834
0.530619
0.530189
0.530337
0.530105
0.530318
0.530764
0.530975
0.531511
0.531656
0.531791
0.531914
0.531429
0.531778
0.531779
0.531671
0.532085
0.532152
0.531747
0.531591
0.531522
0.531269
0.531477
0.531341
0.531211
0.531168
0.53153
0.531958
0.531706
0.531864
0.531477
0.53174
0.531633
0.531619
0.531836
0.531964
0.531895
0.532191
0.531935
0.531959
0.532009
0.531541
0.531339
0.531178
0.531265
0.531372
0.531237
0.531182
0.530948
0.531057
0.531197
0.530904
0.530962
0.530729
0.530885
0.530961
0.530888
0.530969
0.530802
0.530693
0.530642
0.530504
0.530676
0.530569
0.530542
0.530301
0.530283
0.530239
0.530064
0.529662
0.529547
0.529693
0.52965
0.529636
0.529937
0.529586
0.529397
0.529184
0.529299
0.529285
0.529369
