0.0355731
0.175318
0.235294
0.252575
0.259055
0.262986
0.270621
0.279842
0.286091
0.292237
0.294436
0.295992
0.29808
0.300988
0.301915
0.303722
0.30478
0.308083
0.308701
0.310039
0.313798
0.313339
0.313283
0.316565
0.316367
0.316741
0.316536
0.316698
0.31775
0.316948
0.318533
0.319295
0.320094
0.321636
0.322115
0.322555
0.322633
0.324002
0.323613
0.325487
0.326652
0.327423
0.32883
0.330165
0.33031
0.329936
0.330479
0.331247
0.331008
0.331646
0.332283
0.332861
0.334142
0.33462
0.335313
0.335412
0.335667
0.337214
0.337814
0.338647
0.338856
0.339283
0.340168
0.340582
0.341273
0.341804
0.342171
0.342213
0.342689
0.343072
0.343104
0.343912
0.344159
0.344124
0.344759
0.345274
0.345268
0.345718
0.34568
0.346569
0.347153
0.347296
0.348168
0.348736
0.349435
0.349653
0.350498
0.350652
0.351293
0.3512
0.351679
0.352275
0.352401
0.352946
0.353076
0.353479
0.353355
0.353393
0.353963
0.354219
0.354478
0.355119
0.355822
0.356127
0.35598
0.356406
0.357046
0.357303
0.357846
0.358212
0.358428
0.358361
0.358526
0.358423
0.358719
0.35868
0.358907
0.359189
0.359293
0.359444
0.359615
0.359975
0.360261
0.36039
0.360919
0.361248
0.361663
0.362093
0.361943
0.362278
0.362529
0.362964
0.36329
0.363833
0.363629
0.363776
0.36391
0.364139
0.36406
0.364288
0.36436
0.36447
0.364769
0.365161
0.365386
0.365394
0.36559
0.365644
0.365666
0.366024
0.366219
0.366307
0.36674
0.367017
0.36711
0.36747
0.367554
0.367679
0.367854
0.368145
0.368236
0.36858
0.368923
0.369167
0.369626
0.369955
0.370284
0.370508
0.370922
0.371132
0.371582
0.371613
0.371786
0.371974
0.372238
0.372447
0.372889
0.37322
0.373518
0.373872
0.374133
0.374366
0.374457
0.374462
0.374242
0.374291
0.37455
0.374718
0.37513
0.375441
0.375524
0.375535
0.375525
0.375716
0.375588
0.375719
0.376119
0.37632
0.376567
