0.00607287
0.0102145
0.0174095
0.0193779
0.0243902
0.0299422
0.032659
0.0355601
0.0395595
0.0421116
0.0430209
0.0433322
0.0452723
0.0475513
0.0490094
0.0500071
0.0506656
0.0520725
0.0535051
0.0545455
0.0556826
0.0563302
0.0579525
0.0581683
0.059538
0.0615414
0.0622954
0.0632325
0.0648687
0.0660393
0.0668774
0.0671587
0.0679719
0.0687827
0.0697709
0.0705479
0.0711127
0.0723982
0.0726519
0.0730912
0.0741753
0.0752818
0.0764292
0.0771252
0.0780613
0.0796195
0.0803803
0.0803506
0.0814889
0.0819547
0.0827048
0.0838591
0.0849592
0.0857012
0.0869218
0.0878193
0.0886009
0.0891259
0.0902436
0.0913291
0.0917945
0.0920811
0.0922975
0.0928064
0.0936936
0.0940758
0.0945714
0.0951144
0.0956182
0.0968053
0.0979739
0.0986842
0.0993662
0.0997327
0.100667
0.101433
0.102128
0.102737
0.103561
0.103965
0.1043
0.104623
0.105234
0.105295
0.105564
0.106109
0.106601
0.107378
0.108251
0.108554
0.108881
0.109173
0.109404
0.11043
0.110913
0.111197
0.111381
0.112243
0.112438
0.112592
0.113036
0.113843
0.114263
0.115098
0.115697
0.116172
0.116549
0.116774
0.117341
0.117796
0.118324
0.119027
0.119591
0.119853
0.120312
0.120696
0.121089
0.121467
0.121919
0.122281
0.122643
0.123089
0.123572
0.124176
0.124458
0.12506
0.125323
0.125669
0.126092
0.126419
0.12677
0.127423
0.127905
0.128604
0.129226
0.129565
0.130238
0.130342
0.130937
0.131362
0.131968
0.132401
0.132674
0.132908
0.133426
0.134028
0.134619
0.134959
0.135304
0.135538
0.135771
0.13622
0.136489
0.13679
0.137158
0.137732
0.137873
0.137979
0.138539
0.138741
0.139112
0.139554
0.139971
0.140315
0.140879
0.141276
0.14172
0.142104
0.142526
0.143019
0.143321
0.143505
0.143675
0.144192
0.14454
0.144792
0.145229
0.145587
0.145997
0.146424
0.146663
0.147222
0.147459
0.148011
0.14838
0.148722
0.149104
0.149525
0.14972
0.150142
0.150387
0.150842
0.151127
0.151381
0.151618
0.151995
0.152252
0.152564
0.152953
