0.507788
0.467615
0.49177
0.494191
0.487211
0.486653
0.484532
0.486207
0.48199
0.479554
0.475739
0.478834
0.480796
0.479035
0.47812
0.478911
0.481852
0.483142
0.487568
0.489836
0.491702
0.493313
0.493525
0.491401
0.492694
0.493494
0.49346
0.493426
0.493606
0.49241
0.492951
0.493658
0.494585
0.495902
0.497706
0.498361
0.499224
0.500954
0.501162
0.501547
0.502023
0.50305
0.504244
0.50411
0.503519
0.503863
0.503843
0.504263
0.505257
0.505065
0.506053
0.505333
0.505562
0.506151
0.505657
0.504884
0.505351
0.505982
0.505854
0.505952
0.506124
0.505809
0.505051
0.505085
0.505425
0.505139
0.505738
0.506122
0.506237
0.506081
0.505955
0.506033
0.505971
0.50595
0.505952
0.505752
0.50601
0.505968
0.506448
0.506313
0.506532
0.506806
0.506574
0.506941
0.507432
0.507467
0.507643
0.507879
0.507916
0.508034
0.508144
0.507863
0.507714
0.507422
0.507504
0.507271
0.507134
0.506922
0.506969
0.507246
0.507131
0.507123
0.50705
0.506796
0.506844
0.506767
0.506818
0.506361
0.506492
0.506801
0.506903
0.507348
0.507334
0.507796
0.508178
0.508897
0.508845
0.509373
0.509192
0.509456
0.509113
0.50929
0.509332
0.50917
0.508978
0.508658
0.508928
0.509341
0.509442
0.509827
0.510437
0.510328
0.510139
0.510023
0.510482
0.510406
0.510624
0.510508
0.510642
0.510884
0.511044
0.51101
0.511115
0.511053
0.510889
0.5109
0.511307
0.511008
0.510837
0.510745
0.510668
0.511113
0.511042
0.510972
0.510931
0.510914
0.510841
0.511073
0.511169
0.511173
0.511546
0.511786
0.511945
0.511952
0.512021
0.512093
0.511964
0.512245
0.512305
0.512231
0.512086
0.511898
0.511658
0.511551
0.511554
0.511644
0.511854
0.511934
0.511846
0.511797
0.51149
0.51155
0.511375
0.511371
0.511257
0.510864
0.510652
0.510516
0.510635
