0.0328185
0.179255
0.239288
0.270257
0.289791
0.299595
0.310385
0.321087
0.328921
0.340173
0.344482
0.348035
0.351007
0.354479
0.358485
0.361656
0.366005
0.371511
0.373261
0.373678
0.375381
0.377763
0.381568
0.384446
0.385186
0.388032
0.390786
0.392066
0.393781
0.395223
0.396663
0.400099
0.401874
0.403665
0.404964
0.406788
0.408149
0.409485
0.41044
0.411781
0.413684
0.415518
0.416877
0.417848
0.41901
0.420879
0.422197
0.423662
0.425351
0.426753
0.427827
0.429092
0.429911
0.430435
0.431832
0.432801
0.433587
0.434693
0.435398
0.435906
0.436667
0.436758
0.437638
0.438514
0.439686
0.439786
0.440941
0.44179
0.442638
0.44374
0.444427
0.445173
0.445644
0.446995
0.447931
0.448461
0.449687
0.450369
0.451306
0.451788
0.453349
0.453806
0.455533
0.456052
0.456802
0.456847
0.457844
0.458577
0.458758
0.459299
0.459996
0.460958
0.461329
0.461935
0.462522
0.46275
0.463037
0.463526
0.464003
0.464499
0.464708
0.464767
0.465515
0.465952
0.466627
0.467246
0.467663
0.468395
0.469121
0.46986
0.470515
0.470723
0.47129
0.471427
0.471986
0.472305
0.473073
0.47341
0.473979
0.474096
0.47455
0.47492
0.47545
0.475595
0.475654
0.476103
0.476852
0.477252
0.477571
0.478379
0.478528
0.478522
0.478802
0.479446
0.479562
0.479984
0.479845
0.480091
0.480714
0.480652
0.481073
0.481341
0.481763
0.481911
0.482092
0.482412
0.482579
0.482956
0.483465
0.483451
0.483595
0.484078
0.484279
0.484833
0.48523
0.485474
0.48606
0.486415
0.486722
0.486844
0.48716
0.487683
0.487931
0.488349
0.488543
0.488862
0.488973
0.489345
0.489705
0.489962
0.490316
0.490501
0.490594
0.490666
0.490867
0.49121
0.491363
0.491428
0.491901
0.492103
0.4926
0.492951
0.493294
0.493495
0.493806
0.493775
0.494011
0.493996
0.494375
0.494399
0.494534
0.494645
0.494694
0.49491
0.495372
0.495823
0.495844
0.496241
0.496517
