0.00414938
0.0367428
0.0539447
0.0720318
0.0820064
0.0895916
0.0987863
0.109538
0.115562
0.123683
0.129196
0.13291
0.13731
0.14342
0.146481
0.148513
0.151907
0.155797
0.162125
0.167305
0.172814
0.174443
0.178094
0.183825
0.187843
0.190476
0.192955
0.196849
0.19993
0.202068
0.204774
0.207483
0.209148
0.211391
0.213638
0.214636
0.217267
0.219048
0.22024
0.222747
0.223623
0.225562
0.227879
0.230351
0.23243
0.234799
0.236235
0.238424
0.239729
0.240993
0.242885
0.244175
0.246168
0.247595
0.248283
0.250271
0.252241
0.253489
0.254874
0.256136
0.257593
0.258741
0.260383
0.261881
0.262937
0.263762
0.265058
0.266092
0.26712
0.268631
0.269674
0.270984
0.272454
0.273864
0.27499
0.275632
0.275963
0.276663
0.27796
0.279088
0.279616
0.280625
0.281627
0.283515
0.284813
0.286106
0.286941
0.288122
0.289104
0.290083
0.29097
0.291778
0.292532
0.292997
0.294029
0.29514
0.296446
0.29734
0.29857
0.299419
0.300278
0.30121
0.301976
0.302985
0.304043
0.304531
0.305345
0.305882
0.306759
0.30766
0.308445
0.309158
0.310358
0.310925
0.31168
0.312063
0.3129
0.313774
0.314338
0.314742
0.315083
0.315658
0.316272
0.317106
0.318002
0.318741
0.319132
0.319747
0.320434
0.321093
0.321699
0.322214
0.322959
0.323143
0.323407
0.323903
0.32426
0.324757
0.325199
0.325957
0.326391
0.326636
0.327112
0.327667
0.328045
0.328936
0.32934
0.330058
0.330599
0.331534
0.332104
0.332824
0.333422
0.333723
0.33437
0.33496
0.335474
0.335726
0.336456
0.337012
0.337443
0.337965
0.338412
0.339015
0.339648
0.339925
0.34055
0.341195
0.341857
0.342214
0.342415
0.342955
0.343125
0.343688
0.344115
0.344628
0.345262
0.345972
0.346314
0.346362
0.347076
0.347606
0.347969
0.348373
0.348992
0.349382
0.349723
0.349765
0.350024
0.350424
0.350865
0.351372
0.351815
0.352229
0.352644
0.352863
0.35345
0.353941
0.354235
