0.56
0.525568
0.524543
0.513396
0.517559
0.518822
0.514547
0.515074
0.516807
0.512152
0.515795
0.516184
0.517684
0.517314
0.515859
0.517002
0.519264
0.519053
0.515875
0.516706
0.515967
0.515733
0.515004
0.515773
0.517392
0.516936
0.515861
0.51618
0.516488
0.518398
0.519024
0.516859
0.516618
0.516562
0.515909
0.514596
0.515213
0.514894
0.515518
0.516081
0.516211
0.51682
0.516225
0.515582
0.515497
0.515515
0.515053
0.51433
0.51393
0.513783
0.5141
0.513574
0.51397
0.513508
0.513427
0.513795
0.515038
0.515233
0.515228
0.515162
0.514591
0.51484
0.514615
0.514656
0.514391
0.514107
0.514089
0.514675
0.51497
0.515911
0.515759
0.515604
0.515398
0.514847
0.514844
0.515469
0.51523
0.515221
0.515301
0.51576
0.51575
0.515587
0.51561
0.515711
0.516212
0.515817
0.515767
0.515569
0.516207
0.516115
0.51615
0.516031
0.51602
0.516328
0.515835
0.515751
0.515664
0.515617
0.515923
0.515576
0.515607
0.515036
0.514631
0.514376
0.514338
0.514386
0.51448
0.514081
0.514278
0.514799
0.514661
0.514918
0.515186
0.515451
0.515389
0.515228
0.514842
0.51489
0.515035
0.515169
0.51502
0.514934
0.51531
0.515569
0.515886
0.515817
0.515714
0.515686
0.515886
0.51596
0.515965
0.516058
0.516224
0.516252
0.516088
0.516373
0.516347
0.516642
0.516051
0.515726
0.515723
0.515743
0.515574
0.515364
0.515412
0.515417
0.515318
0.515312
0.5155
0.515435
0.515162
0.514897
0.514819
0.514751
0.514734
0.514737
0.514359
0.51451
0.514565
0.514071
0.514268
0.514181
0.513926
0.513784
0.513861
0.513892
0.513807
0.513664
0.51368
0.513621
0.513668
0.513843
0.51367
0.513675
0.513976
0.513913
0.513908
0.514025
0.513777
0.51379
0.513711
0.513651
0.513715
0.514023
0.513985
0.51395
0.513876
0.513949
0.514018
