0.00408998
0.0447609
0.0563003
0.0769995
0.0922713
0.101392
0.111648
0.123936
0.131831
0.137764
0.141511
0.146683
0.151996
0.15476
0.156208
0.15961
0.162488
0.166122
0.169901
0.172513
0.177306
0.180352
0.184035
0.186497
0.189819
0.193255
0.197428
0.200182
0.202681
0.205232
0.207273
0.210449
0.213941
0.217535
0.220377
0.222761
0.225195
0.226527
0.229121
0.231223
0.232929
0.233925
0.234961
0.236386
0.238499
0.240617
0.241499
0.242826
0.244701
0.245803
0.24779
0.249539
0.251153
0.252457
0.253754
0.255029
0.256023
0.257112
0.258213
0.260169
0.260622
0.261267
0.262144
0.263621
0.265034
0.265649
0.266683
0.268264
0.269574
0.270916
0.271519
0.27217
0.273221
0.274199
0.275971
0.276771
0.277877
0.279201
0.280735
0.281846
0.281496
0.281966
0.282909
0.283967
0.285008
0.285856
0.286349
0.287632
0.288069
0.288845
0.29017
0.290907
0.292164
0.292744
0.29354
0.294522
0.295445
0.296101
0.297358
0.298245
0.298587
0.299191
0.299891
0.300745
0.301859
0.303036
0.30377
0.304171
0.305008
0.305912
0.306616
0.307294
0.308711
0.309629
0.310686
0.311589
0.312321
0.312852
0.313084
0.313612
0.314322
0.314743
0.315209
0.316007
0.316641
0.317321
0.317757
0.317917
0.318637
0.319184
0.319715
0.320477
0.320992
0.321543
0.32239
0.322994
0.323582
0.324075
0.324546
0.325072
0.325531
0.326321
0.326875
0.327552
0.327694
0.328269
0.328924
0.329496
0.330114
0.330829
0.330923
0.331739
0.33257
0.333061
0.332982
0.333396
0.33365
0.334036
0.334425
0.335059
0.335763
0.336262
0.336893
0.337444
0.338036
0.338532
0.338823
0.339385
0.339678
0.340388
0.340973
0.341414
0.34176
0.342237
0.342529
0.342776
0.342961
0.343342
0.343824
0.34438
0.345025
0.345299
0.345552
0.345807
0.346068
0.346252
0.346631
0.346956
0.347334
0.347549
0.348023
0.348452
0.348821
0.349172
0.349364
0.349726
0.349971
0.35026
0.350655
