0.0332681
0.195674
0.253979
0.287368
0.297484
0.311871
0.319828
0.332751
0.339606
0.344985
0.34866
0.355183
0.358996
0.361246
0.363366
0.36584
0.368606
0.370884
0.374472
0.376207
0.379453
0.380668
0.38145
0.383776
0.385818
0.388487
0.390813
0.392669
0.394265
0.395478
0.398494
0.400032
0.401161
0.402647
0.404338
0.406543
0.408927
0.409406
0.411737
0.412593
0.413317
0.414496
0.415294
0.416621
0.417926
0.418365
0.418447
0.419544
0.421405
0.422629
0.423685
0.423972
0.425375
0.427088
0.427503
0.428445
0.429622
0.429598
0.430306
0.431867
0.43324
0.434575
0.435447
0.43635
0.437655
0.438588
0.43943
0.439856
0.441053
0.442077
0.442858
0.443719
0.444133
0.444895
0.445527
0.446064
0.447404
0.447812
0.447818
0.448543
0.449346
0.449993
0.45054
0.450758
0.451594
0.452141
0.452686
0.453204
0.454007
0.454523
0.455533
0.456097
0.456711
0.45686
0.457206
0.457764
0.458438
0.459347
0.459876
0.460009
0.460407
0.460901
0.461568
0.461989
0.462678
0.463217
0.463662
0.464648
0.4653
0.466059
0.466325
0.466982
0.467768
0.468548
0.468843
0.468961
0.469106
0.469335
0.469835
0.470445
0.470637
0.471187
0.471578
0.472207
0.472493
0.472824
0.472761
0.47334
0.473584
0.474041
0.474085
0.474768
0.475259
0.475705
0.47621
0.476342
0.476731
0.477019
0.477402
0.477696
0.477905
0.478254
0.478516
0.478922
0.479221
0.479859
0.480277
0.480671
0.480801
0.480997
0.481103
0.481417
0.481624
0.482091
0.48206
0.48198
0.48193
0.48195
0.482162
0.48218
0.482503
0.482406
0.482846
0.482914
0.48314
0.483171
0.482843
0.482976
0.482901
0.483092
0.483179
0.483069
0.483035
0.483155
0.483294
0.483089
0.483127
0.482971
0.48295
0.48269
0.482741
0.482727
0.482736
0.482512
0.482318
0.482397
0.482504
0.482433
0.482484
0.482543
0.482924
0.482826
0.483006
0.48295
0.482771
0.482764
0.482857
0.482824
0.482681
