0.495327
0.49922
0.50625
0.510015
0.50706
0.514156
0.514496
0.512334
0.515377
0.52084
0.518569
0.521159
0.521104
0.520631
0.522782
0.521182
0.520312
0.520107
0.518748
0.519637
0.517984
0.51771
0.517404
0.516881
0.516316
0.515983
0.516991
0.514316
0.514556
0.514665
0.513987
0.514401
0.514174
0.514873
0.514539
0.514769
0.514633
0.515583
0.515213
0.515158
0.51553
0.515937
0.516079
0.515073
0.514435
0.514144
0.514819
0.515152
0.514793
0.513977
0.51366
0.513837
0.513317
0.513187
0.513333
0.512849
0.512743
0.513129
0.513107
0.512535
0.512044
0.512474
0.51191
0.512829
0.513509
0.513649
0.513035
0.512562
0.512063
0.511951
0.51207
0.512482
0.513265
0.513785
0.513698
0.513968
0.513743
0.514046
0.513998
0.514705
0.514797
0.51502
0.515155
0.515547
0.515016
0.51511
0.514962
0.515439
0.515593
0.515606
0.516194
0.516055
0.515952
0.51566
0.515449
0.515235
0.514875
0.514201
0.514001
0.513725
0.51388
0.513807
0.513784
0.513358
0.512955
0.513187
0.513116
0.512899
0.512701
0.512588
0.512614
0.51306
0.512865
0.512644
0.512461
0.512235
0.512164
0.512106
0.512085
0.511913
0.511724
0.511959
0.5119
0.511731
0.511199
0.511483
0.511392
0.512045
0.511925
0.512004
0.512177
0.512176
0.512326
0.511847
0.511725
0.511828
0.512048
0.512368
0.512409
0.512421
0.512327
0.512436
0.512218
0.512269
0.512026
0.511741
0.511785
0.511703
0.511626
0.511712
0.511565
0.511772
0.511591
0.511442
0.511562
0.511739
0.511791
0.511763
0.511965
0.511977
0.512299
0.512251
0.512353
0.512458
0.512539
0.512675
0.512569
0.512623
0.512414
0.512692
0.512677
0.51263
0.512759
0.512608
0.512502
0.512579
0.512373
0.512255
0.512225
0.512193
0.512035
0.512068
0.511953
0.511754
0.511929
0.51198
0.512107
0.512066
0.512006
