0.566
0.347124
0.27607
0.24596
0.224145
0.217187
0.212174
0.207815
0.20979
0.208696
0.207419
0.206397
0.203982
0.20381
0.203707
0.204315
0.204429
0.204609
0.203497
0.203762
0.204086
0.203983
0.202878
0.20311
0.204022
0.205236
0.205816
0.207554
0.207525
0.207669
0.207936
0.208435
0.20866
0.208655
0.210039
0.210785
0.211096
0.211956
0.2121
0.211955
0.212218
0.212528
0.212957
0.213956
0.214368
0.214742
0.214576
0.215396
0.215497
0.216352
0.216401
0.216948
0.217529
0.217212
0.217193
0.217155
0.2176
0.218363
0.218258
0.21827
0.218616
0.21933
0.219633
0.220051
0.220172
0.220103
0.220473
0.220725
0.220926
0.221006
0.221461
0.221797
0.222124
0.222624
0.22266
0.222568
0.22289
0.223481
0.223787
0.224287
0.224533
0.22539
0.225337
0.225622
0.225867
0.22578
0.225949
0.22624
0.226616
0.226839
0.227022
0.226949
0.227333
0.227267
0.227256
0.22745
0.227495
0.227796
0.228116
