0.176
0.102081
0.0704787
0.0549505
0.0449304
0.0387289
0.0338028
0.0307958
0.028903
0.0272997
0.0262768
0.0256188
0.0252087
0.0252909
0.0249152
0.0242773
0.0238958
0.0234476
0.022601
0.0224332
0.0221032
0.0220395
0.022168
0.0219589
0.0218379
0.0220138
0.0221317
0.022376
0.022652
0.0224595
0.022202
0.0222329
0.0225693
0.0225856
0.0224611
0.0229195
0.0230275
0.0233297
0.0231725
0.0231191
0.0230948
0.0231543
0.0229131
0.0229313
0.0228772
0.023046
0.0233168
0.023222
0.0231537
0.0229712
0.0234172
0.0234749
0.0235451
0.0241103
0.0240677
0.0241814
0.0240329
0.024009
0.0242231
0.0244147
0.0244944
0.0245815
0.0247646
0.0248818
0.0249428
0.0250376
0.0253076
0.0253611
0.0254992
0.0257232
0.0258691
0.0257833
0.0257728
0.0258734
0.025906
0.0261476
0.026353
0.0265925
0.0267315
0.0270356
0.0270355
0.0270483
0.0271341
0.0273257
0.027311
0.0275428
0.0275795
0.0276931
0.027761
0.0277743
0.0279722
0.0280797
0.0280351
0.0282828
0.0282926
0.0285385
0.0285012
0.0286012
0.0286484
