0.416667
0.441786
0.435685
0.42246
0.423501
0.431402
0.428633
0.42687
0.424444
0.421589
0.432203
0.444138
0.451501
0.457865
0.463019
0.465883
0.469602
0.473524
0.476152
0.480291
0.479677
0.481963
0.48228
0.483769
0.48577
0.486562
0.485942
0.487752
0.4891
0.490257
0.491042
0.490779
0.490766
0.491345
0.492754
0.493075
0.493423
0.494986
0.494845
0.495571
0.496421
0.49672
0.497111
0.498417
0.49862
0.499374
0.499775
0.500725
0.502254
0.501755
0.502493
0.503056
0.503545
0.503482
0.504632
0.506129
0.505708
0.506706
0.507302
0.508996
0.509076
0.508616
0.508731
0.508496
0.508734
0.509078
0.50885
0.509421
0.508994
0.509383
0.509838
0.509892
0.509485
0.509396
0.509815
0.509541
0.5095
0.509725
0.51009
0.510316
0.510318
0.510892
0.511479
0.512057
0.512097
0.5124
0.512535
0.512943
0.512621
