0.198473
0.177734
0.186474
0.201597
0.220165
0.230413
0.247678
0.25524
0.262078
0.27244
0.278743
0.284172
0.28943
0.291888
0.297434
0.302273
0.306506
0.31145
0.314367
0.318214
0.321596
0.326077
0.33026
0.332823
0.335702
0.338225
0.340776
0.344054
0.347305
0.349197
0.351246
0.353397
0.355406
0.358528
0.360205
0.360909
0.36248
0.364021
0.363784
0.365024
0.367177
0.369023
0.369826
0.370669
0.371836
0.373836
0.374511
0.375784
0.376914
0.377649
0.378816
0.379441
0.380736
0.381948
0.383659
0.384381
0.386014
0.387447
0.388203
0.388751
0.389537
0.389957
0.390977
0.392435
0.392779
0.393557
0.394588
0.395359
0.396407
0.397276
0.39788
0.398787
0.400069
0.401244
0.403039
0.403953
0.404891
0.405976
0.406708
0.407628
0.408759
0.409537
0.410632
0.411383
0.412072
0.413144
0.41335
0.413531
0.414598
0.415479
0.415989
0.41661
0.417059
0.417386
0.417746
0.418546
0.419236
0.419878
0.420749
