0.262605
0.255123
0.263372
0.283567
0.290939
0.307899
0.317087
0.329785
0.342064
0.352084
0.358512
0.364156
0.368757
0.372992
0.378049
0.3818
0.386373
0.388138
0.394274
0.396793
0.402549
0.405901
0.408014
0.410731
0.413262
0.415133
0.417366
0.421134
0.421842
0.422487
0.424082
0.424499
0.428062
0.429588
0.433132
0.434483
0.436278
0.438332
0.439676
0.441338
0.442959
0.445036
0.446366
0.447911
0.448089
0.449039
0.449593
0.451333
0.452203
0.453249
0.454197
0.45547
0.457061
0.458278
0.458281
0.45917
0.460289
0.46253
0.46361
0.464627
0.465775
0.466568
0.467127
0.467933
0.468907
0.469847
0.470871
0.471677
0.472438
0.473557
0.474759
0.475416
0.476525
0.476705
0.47771
0.47765
0.478694
0.479217
0.480115
0.479974
0.480893
0.482121
0.483049
0.483828
0.483574
0.484632
0.485691
0.486194
0.486807
0.487398
0.488025
0.488245
0.488334
0.488857
0.489046
0.489656
0.490364
0.490598
0.491338
