0.53271
0.549618
0.54239
0.544896
0.536178
0.54
0.530461
0.531238
0.53385
0.532365
0.534916
0.534884
0.535623
0.533479
0.531453
0.532416
0.532424
0.530653
0.529206
0.528259
0.527257
0.528111
0.529127
0.528165
0.52862
0.529405
0.526632
0.525678
0.524672
0.524723
0.525012
0.524932
0.524345
0.525755
0.526783
0.52588
0.52579
0.524206
0.524152
0.524307
0.524582
0.524208
0.523886
0.523774
0.523175
0.523115
0.52319
0.524534
0.52466
0.523681
0.523494
0.523768
0.524674
0.524215
0.523931
0.52398
0.524408
0.524211
0.524566
0.524601
0.524581
0.525094
0.525008
0.525257
0.525936
0.525827
0.526267
0.526501
0.526334
0.525617
0.525933
0.525878
0.525494
0.525403
0.524868
0.524809
0.52524
0.525592
0.525681
0.525653
0.526055
0.525709
0.525625
0.52609
0.525874
0.525368
0.525143
0.524796
0.524946
