0.190669
0.1167
0.100667
0.0990991
0.0968513
0.0985776
0.0999717
0.102368
0.105634
0.10997
0.111667
0.113474
0.116398
0.117748
0.121614
0.124165
0.126457
0.128052
0.130305
0.13389
0.136667
0.138354
0.139642
0.143093
0.145435
0.147576
0.149317
0.152004
0.153941
0.156926
0.158188
0.159492
0.161849
0.163941
0.16633
0.168526
0.170607
0.172023
0.17317
0.174952
0.176574
0.177851
0.179179
0.180763
0.182744
0.184552
0.18582
0.187242
0.188738
0.189872
0.19135
0.193194
0.193645
0.195056
0.196254
0.197465
0.198781
0.19921
0.200609
0.20192
0.203146
0.204434
0.205434
0.206113
0.207315
0.208217
0.20955
0.211046
0.21198
0.21254
0.213541
0.214536
0.214948
0.216208
0.217192
0.218048
0.218421
0.219313
0.220345
0.221579
0.222931
0.223661
0.224343
0.225664
0.226448
0.22722
0.228501
0.228693
0.229271
0.230209
0.231282
0.232372
0.233186
0.234297
0.235027
0.236227
0.237263
0.23778
0.238511
