0.293886
0.246521
0.229333
0.228771
0.223605
0.219348
0.218795
0.216422
0.218133
0.221277
0.222898
0.225824
0.229575
0.230659
0.232646
0.234998
0.235488
0.236628
0.239492
0.242538
0.246227
0.248041
0.250674
0.250624
0.252037
0.252431
0.254143
0.255346
0.257024
0.259811
0.259256
0.260633
0.261495
0.263757
0.264401
0.265237
0.266277
0.266713
0.267847
0.270063
0.271524
0.272762
0.273006
0.273456
0.274446
0.275629
0.27609
0.277383
0.2781
0.279826
0.281073
0.28261
0.283611
0.282849
0.283546
0.284812
0.285941
0.287021
0.287642
0.288447
0.289627
0.290734
0.291111
0.292044
0.293545
0.294467
0.295178
0.296293
0.296341
0.297585
0.298591
0.299592
0.30051
0.301439
0.302036
0.303154
0.303331
0.304431
0.305039
0.305796
0.306667
0.307621
0.307915
0.308777
0.309925
0.310603
0.311248
0.312431
0.312927
0.313528
0.314112
0.314674
0.315825
0.316282
0.317566
0.318513
0.319065
0.319635
0.320253
