0.55848
0.537555
0.532934
0.53003
0.529097
0.522863
0.520343
0.52021
0.525008
0.529148
0.534726
0.532306
0.533241
0.533091
0.533333
0.530026
0.52966
0.528515
0.527193
0.526819
0.528051
0.527452
0.52675
0.526805
0.525389
0.526682
0.528826
0.528074
0.529271
0.529946
0.529814
0.529778
0.5299
0.529683
0.52895
0.528993
0.528682
0.529159
0.528631
0.529728
0.528701
0.529048
0.529155
0.529472
0.530293
0.530466
0.531093
0.5315
0.53129
0.531218
0.531512
0.531567
0.53181
0.531353
0.531281
0.530724
0.53112
0.531711
0.530984
0.530128
0.530674
0.5309
0.530934
0.530481
0.530594
0.530537
0.531082
0.530217
0.530091
0.531178
0.531732
0.531066
0.530615
0.530255
0.530166
0.530284
0.530423
0.53054
0.530492
0.5307
0.530646
0.530725
0.530704
0.530685
0.530729
0.530858
0.531302
0.530938
0.531094
