0.00201613
0.0382775
0.0536176
0.0701071
0.0838276
0.0922009
0.103429
0.109204
0.117191
0.123408
0.126776
0.129225
0.13381
0.138512
0.140951
0.143854
0.147603
0.151345
0.15618
0.159145
0.161714
0.164629
0.167094
0.171034
0.173428
0.176329
0.179557
0.181448
0.185023
0.188893
0.190772
0.194467
0.198259
0.201465
0.202888
0.204116
0.207822
0.210949
0.213836
0.215448
0.217997
0.220511
0.222747
0.22449
0.226183
0.227797
0.229266
0.230622
0.231567
0.233252
0.23502
0.237098
0.238878
0.240924
0.242385
0.243578
0.244873
0.246079
0.247813
0.248986
0.250329
0.25189
0.253457
0.254698
0.256021
0.25729
0.258456
0.259884
0.261344
0.262825
0.263584
0.263953
0.265436
0.266234
0.267227
0.268839
0.269625
0.271071
0.271671
0.273337
0.274577
0.274929
0.275881
0.277119
0.277724
0.278448
0.279103
0.279836
0.280339
0.281476
0.282512
0.283533
0.28474
0.285988
0.287233
0.287324
0.288383
0.288952
0.289955
0.290615
0.291573
0.292487
0.293274
0.293897
0.294844
0.295427
0.296428
0.297039
0.298155
0.299143
0.299697
0.30037
0.301063
0.301563
0.302484
0.30303
0.303434
0.30442
0.305357
0.306097
0.306908
0.30776
0.308426
0.30884
0.309573
0.310336
0.311307
0.311892
0.31264
0.313495
0.313943
0.314394
0.314717
0.31539
0.315911
0.316684
0.317107
0.317566
0.318113
0.318608
0.319126
0.320011
0.320632
0.320981
0.321498
0.321741
0.322299
0.32296
0.323562
0.324183
0.324866
0.325206
0.32563
0.325955
0.326369
0.326748
0.32691
0.327386
0.327766
0.328334
0.328558
0.329109
0.329302
0.329842
0.330346
0.330968
0.331495
0.332016
0.332347
0.33315
0.333664
0.334263
0.334675
0.335082
0.335407
0.335994
0.336322
0.33696
0.337267
0.337766
0.337947
0.338474
0.338601
0.338824
0.339397
0.339861
0.340045
0.340234
0.340526
0.340842
0.341072
0.34157
0.342128
0.342479
0.34299
0.343335
0.343762
0.344139
0.344604
