0.0238095
0.246073
0.276171
0.281089
0.294213
0.309011
0.318352
0.327387
0.331699
0.337822
0.338798
0.340897
0.347148
0.347282
0.350772
0.353824
0.357396
0.359912
0.362317
0.364531
0.365916
0.367274
0.368715
0.370513
0.373947
0.376758
0.377863
0.3799
0.379807
0.381317
0.38329
0.383371
0.385206
0.385797
0.387517
0.387944
0.390041
0.391523
0.391358
0.392659
0.394131
0.394863
0.396506
0.39761
0.398151
0.399741
0.400162
0.401507
0.402978
0.404219
0.404595
0.406097
0.40695
0.408078
0.408547
0.40963
0.410543
0.411622
0.412002
0.412936
0.413709
0.414753
0.415266
0.416268
0.417203
0.418634
0.419075
0.420125
0.421264
0.422387
0.422827
0.423028
0.423533
0.424417
0.424373
0.424909
0.425362
0.425854
0.426922
0.428004
0.428462
0.429273
0.429881
0.430083
0.430662
0.431379
0.431852
0.432343
0.433256
0.433892
0.43487
0.435829
0.436394
0.437124
0.437621
0.438225
0.439014
0.439734
0.440316
0.441
0.441421
0.442206
0.442579
0.443047
0.443663
0.444059
0.444699
0.444909
0.445168
0.445188
0.44575
0.445978
0.446726
0.447009
0.447984
0.448739
0.448845
0.449314
0.449698
0.450044
0.450711
0.450951
0.451184
0.451444
0.451961
0.45234
0.452825
0.453244
0.453585
0.454055
0.454351
0.454539
0.455225
0.455341
0.455756
0.456125
0.456736
0.457323
0.457745
0.458133
0.458277
0.458801
0.459085
0.459502
0.459657
0.459942
0.460729
0.461029
0.461401
0.461622
0.462277
0.462487
0.46279
0.46315
0.463477
0.463994
0.464202
0.46467
0.464708
0.465147
0.465556
0.465919
0.466042
0.466202
0.466535
0.466869
0.467087
0.467253
0.467682
0.468101
0.468695
0.468857
0.468969
0.469128
0.469155
0.469608
0.470105
0.470533
0.470558
0.470422
0.470654
0.471182
0.47131
0.471968
0.472429
0.472907
0.473109
0.473349
0.473573
0.474039
0.474213
0.474603
0.474977
0.475365
0.475538
0.475798
0.475929
0.476044
0.476244
