0.434783
0.440353
0.466797
0.475836
0.481325
0.483367
0.479257
0.486812
0.489489
0.487403
0.489489
0.490519
0.492393
0.491859
0.490891
0.488542
0.489832
0.488497
0.490692
0.491776
0.49003
0.48986
0.490209
0.491179
0.491669
0.493033
0.493899
0.494107
0.493481
0.4937
0.49542
0.496418
0.497945
0.499778
0.499914
0.498032
0.499227
0.500119
0.500193
0.501014
0.501465
0.501572
0.502237
0.502697
0.503902
0.504892
0.504963
0.504641
0.504301
0.505209
0.505992
0.506301
0.50627
0.506266
0.506202
0.506872
0.507412
0.507433
0.507201
0.507787
0.507303
0.506405
0.50633
0.506815
0.506199
0.505806
0.506191
0.506122
0.505989
0.506147
0.505979
0.505644
0.505916
0.506361
0.506799
0.506175
0.506413
0.506733
0.506985
0.507103
0.507429
0.507416
0.506763
0.506937
0.506981
0.50719
0.507213
0.507881
0.508246
0.508366
0.508491
0.508973
0.50899
0.509037
0.509403
0.509148
0.508867
0.50917
0.509041
0.509397
0.509491
0.509512
0.50927
0.5093
0.509904
0.509695
0.509977
0.510078
0.509928
0.509581
0.509836
0.510029
0.510221
0.510279
0.510121
0.510165
0.510372
0.510225
0.510509
0.510463
0.51029
0.510585
0.510973
0.510775
0.51067
0.511081
0.51095
0.511015
0.511068
0.510945
0.511078
0.511104
0.511421
0.511185
0.511388
0.511302
0.51139
0.511453
0.511576
0.511601
0.511734
0.511701
0.511608
0.511351
0.511272
0.511643
0.511582
0.511787
0.511493
0.511237
0.511259
0.51155
0.511251
0.511252
0.511633
0.511728
0.51185
0.511702
0.511529
0.511556
0.511429
0.511534
0.511398
0.511317
0.511422
0.511707
0.511575
0.511471
0.511455
0.51158
0.511682
0.511532
0.511282
0.510983
0.510657
0.510803
0.510592
0.510461
0.510273
0.510223
0.510393
0.510479
0.510667
0.510422
0.510161
0.510125
0.510202
0.510074
0.510189
