0.158915
0.0832517
0.0569745
0.0456576
0.0388273
0.0363877
0.0337972
0.0325604
0.030722
0.030745
0.0313653
0.0313583
0.0306457
0.0300249
0.0296111
0.0288367
0.0293841
0.0303729
0.030385
0.0313424
0.0317352
0.0327257
0.0331112
0.0325776
0.0323663
0.032104
0.0328825
0.0332824
0.0334932
0.0343191
0.0348914
0.0350933
0.0362941
0.0365585
0.0372569
0.037396
0.0375855
0.0379712
0.0382359
0.0386544
0.0391613
0.039502
0.0400866
0.0402452
0.0404377
0.041195
0.0422559
0.0428138
0.0432623
0.0440061
0.0450192
0.0455544
0.0457906
0.0461911
0.0471225
0.0476703
0.048045
0.0487597
0.049243
0.0500573
0.0503341
0.0508897
0.0514451
0.0520059
0.0519409
0.0526692
0.0530426
0.0532229
0.0535093
0.0538975
0.0540807
0.0545228
0.0551299
0.0552768
0.0555597
0.0558539
0.0562953
0.0566065
0.0571286
0.0577371
0.0580398
0.0586492
0.0587875
0.0592869
0.0595036
0.0601231
0.0605054
0.0607986
0.0612199
0.0615239
0.0619168
0.0625869
0.0628612
0.0633826
0.0641402
0.0642533
0.0646657
0.0649589
0.0655445
