0.25
0.180797
0.168364
0.159194
0.153877
0.154854
0.159241
0.160922
0.160027
0.16078
0.16268
0.166129
0.169368
0.170969
0.170451
0.170451
0.17239
0.174118
0.176788
0.178847
0.181134
0.18363
0.185332
0.185278
0.186864
0.187555
0.18937
0.190999
0.194264
0.196273
0.197241
0.198329
0.199538
0.200435
0.20162
0.202494
0.204542
0.204987
0.206332
0.207467
0.208427
0.209527
0.209684
0.20889
0.209638
0.210529
0.211081
0.212228
0.213608
0.215534
0.216183
0.216329
0.217157
0.217997
0.21838
0.219021
0.218979
0.219175
0.219944
0.220236
0.220651
0.220768
0.221534
0.222387
0.222787
0.22349
0.223934
0.224749
0.225099
0.225289
0.225044
0.225414
0.226117
0.226452
0.227475
0.227903
0.228088
0.228433
0.228872
0.229216
0.22939
0.22944
0.229716
0.229746
0.229797
0.230256
0.230586
0.230737
0.230895
0.231468
0.232056
0.232104
0.232786
0.233049
0.233167
0.2335
0.233522
0.233531
0.233475
