0.480769
0.489198
0.489754
0.484568
0.483188
0.491981
0.494045
0.492607
0.487418
0.48878
0.494167
0.493868
0.498819
0.501089
0.504758
0.508426
0.508109
0.508486
0.512117
0.514679
0.514873
0.516001
0.517476
0.518277
0.517743
0.518785
0.518158
0.519854
0.520278
0.519699
0.519884
0.519684
0.52128
0.521138
0.522623
0.522957
0.52227
0.522019
0.521625
0.521857
0.521678
0.521892
0.522227
0.522228
0.521725
0.52144
0.521132
0.521671
0.521475
0.5217
0.522946
0.52268
0.523025
0.523271
0.52357
0.523455
0.52443
0.52422
0.5238
0.523627
0.523989
0.523004
0.522184
0.522352
0.522412
0.522593
0.522026
0.522381
0.522065
0.5216
0.521737
0.522005
0.521505
0.52219
0.522918
0.523531
0.523997
0.524035
0.524095
0.524459
0.52444
0.524069
0.524162
0.52418
0.524045
0.523972
0.52392
0.523784
0.523891
