0
0.333333
0.401744
0.428068
0.437625
0.453182
0.455984
0.45893
0.46293
0.464122
0.466255
0.466302
0.466901
0.464178
0.464199
0.463685
0.464247
0.467599
0.468358
0.467478
0.468536
0.469057
0.469029
0.471341
0.469996
0.469598
0.469559
0.467665
0.468257
0.469268
0.470391
0.471619
0.473327
0.471974
0.471503
0.47208
0.470792
0.470215
0.470941
0.472323
0.471622
0.472505
0.472441
0.471886
0.472301
0.472512
0.472551
0.472432
0.47323
0.472785
0.472657
0.472884
0.473276
0.472488
0.473317
0.473252
0.473641
0.473422
0.473493
0.473623
0.474136
0.474309
0.474734
0.475138
0.47514
0.475317
0.474812
0.474929
0.474946
0.47558
0.475277
0.475491
0.475473
0.475404
0.475946
0.475911
0.475863
0.476102
0.476762
0.477095
0.476981
0.477351
0.477394
0.477525
0.47724
0.47738
0.477597
0.477086
0.477271
0.47759
0.477207
0.477322
0.477956
0.477545
0.477926
0.478171
0.4786
0.478597
0.478579
0.478502
0.478129
0.478214
0.478332
0.478423
0.478313
0.478304
0.478278
0.478463
0.478466
0.478588
0.478703
0.478741
0.478778
0.479093
0.479254
0.479047
0.478766
0.478593
0.478433
0.478644
0.47821
0.478055
0.478229
0.47851
0.478546
0.478547
0.479023
0.478859
0.479088
0.479064
0.479122
0.478789
0.479006
0.478914
0.47923
0.479501
0.479354
0.479176
0.478915
0.479002
0.479372
0.479411
0.479587
0.479693
0.479959
0.480268
0.480309
0.480014
0.480294
0.480422
0.480463
0.480245
0.480437
0.480592
0.480315
0.480515
0.480352
0.480426
0.480608
0.480555
0.480367
0.480372
0.480242
0.480373
0.4806
0.480498
0.480184
0.479984
0.479662
0.479583
0.47931
0.479408
0.479456
0.479463
0.47932
0.479182
0.479216
0.479188
0.479358
0.479053
0.479007
0.479075
0.479101
0.478863
0.479091
0.479309
0.479223
0.479443
0.479607
0.479699
0.479707
0.479622
0.479491
0.47954
0.479545
0.479516
0.479562
0.479755
0.479544
