0.00584795
0.339604
0.426773
0.474155
0.49177
0.506836
0.513621
0.522518
0.52123
0.521713
0.525061
0.528259
0.529745
0.532629
0.533634
0.53487
0.538177
0.539639
0.539462
0.539515
0.540178
0.54228
0.542316
0.543532
0.542368
0.543093
0.544249
0.545057
0.544867
0.54629
0.547003
0.547011
0.548306
0.549035
0.547944
0.549119
0.548788
0.549208
0.549005
0.549491
0.550114
0.550246
0.55029
0.550364
0.550867
0.550438
0.550992
0.550926
0.550378
0.550538
0.550746
0.550635
0.550539
0.550831
0.551236
0.550451
0.550092
0.550726
0.551152
0.55218
0.552912
0.552718
0.552597
0.552824
0.552998
0.553783
0.554419
0.554581
0.55468
0.555409
0.555279
0.555278
0.555936
0.556354
0.556703
0.557312
0.557384
0.557752
0.557564
0.55755
0.557729
0.557646
0.557599
0.558635
0.558555
0.558485
0.55852
0.558907
0.559555
0.559587
0.559495
0.559746
0.559892
0.560112
0.560426
0.560758
0.560763
0.56081
0.561204
0.561117
0.561954
0.561578
0.56163
0.561694
0.56176
0.56185
0.561585
0.561084
0.561213
0.561781
0.561944
0.561623
0.561864
0.561573
0.561738
0.561972
0.562434
0.562728
0.562716
0.562945
0.56364
0.563175
0.563525
0.563757
0.563526
0.563612
0.564203
0.564255
0.564155
0.564077
0.56424
0.564222
0.564391
0.564292
0.56423
0.564278
0.564241
0.564438
0.564289
0.564387
0.56456
0.564458
0.564511
0.564962
0.564916
0.564854
0.564844
0.564828
0.564783
0.564576
0.564615
0.564974
0.565218
0.565161
0.565344
0.565568
0.565466
0.565152
0.565354
0.565404
0.565458
0.565316
0.565268
0.565292
0.565223
0.565013
0.564633
0.564761
0.564825
0.564873
0.564916
0.564901
0.564838
0.565006
0.565019
0.565154
0.565165
0.565052
0.565193
0.565029
0.564808
0.564995
0.564873
0.564879
0.564753
0.564748
0.564887
0.565016
0.565156
0.56503
0.564942
0.565098
0.565128
0.564754
0.564899
0.565021
0.564942
0.564942
0.564871
