0.530864
0.525373
0.53294
0.527553
0.52093
0.514535
0.519231
0.516284
0.515949
0.514235
0.512359
0.510284
0.508828
0.508968
0.507474
0.505919
0.504007
0.501643
0.501246
0.502806
0.503021
0.505091
0.505385
0.504916
0.505238
0.506558
0.507859
0.506793
0.506566
0.506567
0.505212
0.506159
0.507538
0.508402
0.508459
0.509255
0.508929
0.509558
0.510731
0.510831
0.509409
0.509223
0.509742
0.509215
0.509245
0.508556
0.507726
0.508179
0.507865
0.507453
0.50757
0.507745
0.507962
0.508255
0.50816
0.508639
0.508778
0.50896
0.507998
0.508142
0.507707
0.508157
0.507985
0.508256
0.508678
0.508614
0.508582
0.508871
0.50851
0.508817
0.509029
0.509344
0.509324
0.509897
0.510185
0.510359
0.510462
0.511376
0.511214
0.511483
0.51128
0.511166
0.511233
0.511605
0.511576
0.511688
0.511834
0.512206
0.512452
0.512561
0.512679
0.512443
0.512398
0.512601
0.512213
0.511614
0.511449
0.511574
0.511544
0.511588
0.510982
0.510558
0.51073
0.510807
0.510399
0.510093
0.509816
0.509581
0.509184
0.509247
0.50934
0.509379
0.50937
0.509154
0.509491
0.509354
0.509506
0.50967
0.509743
0.509857
0.509639
0.509762
0.50949
0.509481
0.509691
0.509831
0.509528
0.509487
0.509305
0.509157
0.509009
0.508992
0.509016
0.509004
0.509072
0.508597
0.508754
0.508906
0.50882
0.508907
0.508633
0.50838
0.508645
0.508845
0.508834
0.508744
0.508471
0.508402
0.508342
0.508606
0.508642
0.508693
0.508716
0.508858
0.508743
0.508472
0.508449
0.508711
0.508674
0.508775
0.508724
0.508861
0.509137
0.509407
0.509457
0.509473
0.509427
0.509629
0.509747
0.509982
0.509697
0.509724
0.509713
0.509546
0.509567
0.509516
0.509379
0.509494
0.50936
0.509581
0.509499
0.509341
0.509204
0.509096
0.509045
0.509097
0.508883
0.509041
0.508907
