0.00204499
0.0161128
0.0270819
0.0294267
0.0328734
0.039531
0.0411511
0.0436637
0.0475128
0.050432
0.052097
0.0546419
0.0560857
0.0566038
0.059391
0.0623477
0.0643794
0.0669199
0.0695314
0.0711202
0.0722197
0.0738024
0.0753403
0.0770186
0.0773237
0.0810313
0.0817263
0.0826657
0.0843246
0.0861007
0.0877018
0.0899432
0.0915838
0.0930304
0.0939301
0.0951721
0.0961717
0.0972473
0.0988906
0.100106
0.100872
0.101928
0.103515
0.10509
0.106656
0.10736
0.108407
0.110361
0.110792
0.111889
0.113221
0.115014
0.116653
0.118034
0.118669
0.119921
0.121088
0.121877
0.122439
0.123523
0.124467
0.125274
0.126145
0.127091
0.127935
0.129108
0.129999
0.13132
0.132189
0.132156
0.133086
0.134273
0.135326
0.136472
0.137231
0.138248
0.139239
0.140224
0.140506
0.141115
0.141869
0.142413
0.143326
0.143654
0.144801
0.145504
0.146773
0.147181
0.148041
0.14849
0.149277
0.149669
0.150797
0.151519
0.152214
0.152844
0.153398
0.154155
0.154865
0.155416
0.156114
0.156993
0.15739
0.158042
0.158823
0.159252
0.160062
0.160507
0.161073
0.161477
0.16209
0.162856
0.163271
0.163768
0.164467
0.165353
0.166081
0.166577
0.166784
0.167472
0.167905
0.168657
0.168822
0.169188
0.169742
0.170133
0.170705
0.171519
0.172074
0.172745
0.17323
0.173775
0.174423
0.175161
0.175948
0.176807
0.177201
0.177524
0.177812
0.178395
0.178663
0.179131
0.179638
0.180298
0.180788
0.181334
0.181679
0.182206
0.182648
0.183294
0.18403
0.184797
0.18538
0.18605
0.186316
0.186869
0.187327
0.187729
0.188272
0.189015
0.189509
0.189964
0.190294
0.190435
0.190824
0.191277
0.191629
0.191872
0.192305
0.1926
0.192919
0.193312
0.193875
0.194298
0.194649
0.194826
0.195247
0.195753
0.196379
0.196824
0.197326
0.197783
0.197923
0.198368
0.198766
0.199123
0.199535
0.199788
0.19991
0.20026
0.200575
0.200924
0.201224
0.201669
0.202083
0.202534
0.202859
0.203299
0.203566
