0.035225
0.195631
0.246881
0.269098
0.287066
0.296517
0.306667
0.309589
0.310383
0.31515
0.315849
0.316805
0.318889
0.320474
0.322464
0.324757
0.324863
0.326637
0.327036
0.3302
0.330442
0.33129
0.332366
0.332918
0.334668
0.335365
0.336653
0.336216
0.336872
0.338115
0.339221
0.340618
0.341228
0.342402
0.343818
0.345725
0.34646
0.347662
0.34755
0.348643
0.350023
0.350524
0.353276
0.354063
0.354833
0.355135
0.355341
0.355783
0.356492
0.357084
0.358313
0.359082
0.359597
0.360482
0.36207
0.363292
0.363456
0.364581
0.364072
0.364715
0.365734
0.366233
0.367296
0.367784
0.368647
0.36855
0.368938
0.369904
0.370358
0.370202
0.371105
0.371706
0.37175
0.372813
0.373531
0.373873
0.374411
0.374418
0.375187
0.375207
0.375139
0.375732
0.375847
0.376237
0.376884
0.377267
0.37728
0.377355
0.377984
0.377653
0.37839
0.379403
0.379556
0.379863
0.380169
0.380743
0.381312
0.381388
0.381714
0.381662
0.38206
0.38262
0.382902
0.383326
0.383857
0.384337
0.384836
0.385071
0.385241
0.385751
0.386202
0.386501
0.386946
0.387661
0.3881
0.388353
0.388632
0.389207
0.389379
0.389698
0.390178
0.390645
0.391003
0.391565
0.391874
0.392323
0.392702
0.392962
0.393164
0.393258
0.393266
0.393694
0.394004
0.394211
0.394577
0.394944
0.395418
0.395336
0.395466
0.395524
0.395941
0.396246
0.396833
0.397175
0.397625
0.397732
0.398155
0.398336
0.398498
0.398585
0.398901
0.399019
0.399055
0.399246
0.399393
0.399855
0.400178
0.400559
0.400805
0.400829
0.400998
0.401212
0.401194
0.401571
0.401663
0.401674
0.402
0.402363
0.402397
0.402662
0.402861
0.403162
0.403323
0.403388
0.403676
0.404022
0.404261
0.404421
0.404903
0.404676
0.404957
0.405021
0.405182
0.40545
0.405822
0.405923
0.406021
0.406185
0.406666
0.406779
0.406975
0.407124
0.407508
0.407997
0.408434
0.408527
0.408678
0.40891
0.409215
