0.478261
0.489971
0.494286
0.494152
0.502046
0.4963
0.492386
0.489993
0.490909
0.493163
0.496473
0.49752
0.498855
0.498516
0.501691
0.502805
0.500441
0.499254
0.499291
0.500075
0.50135
0.501013
0.500713
0.500996
0.499401
0.50104
0.499001
0.50075
0.501813
0.501756
0.502278
0.501928
0.502193
0.503327
0.503324
0.501889
0.501515
0.501591
0.502053
0.502945
0.503575
0.504741
0.505584
0.506242
0.50589
0.507007
0.50857
0.508927
0.509596
0.509298
0.509503
0.509726
0.509639
0.508797
0.507574
0.507708
0.507601
0.507133
0.507673
0.50769
0.507736
0.507251
0.507105
0.507832
0.507896
0.508552
0.5088
0.508516
0.508511
0.508685
0.508618
0.50831
0.507675
0.507729
0.507568
0.507462
0.50725
0.507312
0.507464
0.508131
0.508413
0.508732
0.509164
0.508836
0.508323
0.508175
0.507706
0.506989
0.506592
0.505709
0.505975
0.506425
0.507141
0.50699
0.507179
0.506996
0.506618
0.506808
0.506739
0.506687
0.506534
0.506571
0.506917
0.507207
0.50734
0.507744
0.507866
0.507829
0.507824
0.508166
0.508355
0.508164
0.508302
0.507865
0.508159
0.508195
0.508622
0.508424
0.50818
0.508553
0.508423
0.508931
0.509394
0.50951
0.509605
0.509782
0.509833
0.509751
0.509527
0.509809
0.509833
0.51009
0.510215
0.510757
0.510751
0.51101
0.511095
0.510983
0.510813
0.511216
0.511219
0.511443
0.511363
0.511594
0.511664
0.511839
0.511806
0.51212
0.511873
0.511774
0.511706
0.511809
0.511884
0.51191
0.511914
0.511894
0.5119
0.511761
0.511831
0.511751
0.511763
0.512024
0.512293
0.512452
0.512232
0.512132
0.512336
0.512379
0.512372
0.512605
0.512623
0.512551
0.512462
0.512435
0.512402
0.512424
0.512481
0.512218
0.512105
0.512126
0.511812
0.511734
0.51172
0.51164
0.511924
0.51194
0.511737
0.511687
0.51179
