0.00195312
0.0432692
0.0560316
0.0716448
0.0836349
0.09519
0.109138
0.116407
0.125361
0.133479
0.136347
0.14062
0.147293
0.149961
0.150359
0.153102
0.157073
0.160675
0.163323
0.164939
0.167319
0.168925
0.171441
0.175211
0.177038
0.179242
0.183341
0.185965
0.189378
0.192883
0.196602
0.198731
0.200734
0.203458
0.205124
0.208385
0.209725
0.212741
0.214974
0.216862
0.219383
0.221935
0.223129
0.225418
0.227343
0.229258
0.231191
0.232372
0.234221
0.236214
0.237294
0.238694
0.240319
0.242587
0.244254
0.24607
0.24757
0.249246
0.250996
0.252551
0.254049
0.255273
0.256552
0.258128
0.259812
0.260358
0.26167
0.262307
0.263373
0.264701
0.265574
0.266035
0.267593
0.26913
0.269725
0.27143
0.27162
0.273037
0.274177
0.275154
0.276869
0.278017
0.279203
0.280166
0.280857
0.281711
0.282821
0.283342
0.284448
0.28494
0.286179
0.286941
0.28776
0.288463
0.289192
0.290255
0.290904
0.291823
0.293226
0.294136
0.294808
0.295413
0.296312
0.297035
0.297856
0.298847
0.299307
0.30033
0.301212
0.301663
0.302443
0.303203
0.304235
0.304523
0.305212
0.306318
0.306796
0.307599
0.30797
0.30897
0.309584
0.310487
0.310782
0.311526
0.312287
0.312925
0.313246
0.313854
0.314074
0.314481
0.31511
0.315732
0.316459
0.316962
0.317436
0.318067
0.318567
0.319085
0.320002
0.320494
0.321313
0.321803
0.322388
0.323247
0.323888
0.324326
0.324633
0.325031
0.325316
0.325645
0.326565
0.326966
0.327462
0.327463
0.328008
0.328796
0.329093
0.329712
0.330172
0.330995
0.331585
0.332091
0.332264
0.332908
0.333398
0.333876
0.334349
0.334747
0.335071
0.335587
0.336061
0.336784
0.337215
0.337623
0.338028
0.338694
0.338987
0.339646
0.340174
0.340529
0.340999
0.341683
0.342119
0.342617
0.342998
0.343539
0.34401
0.344461
0.344834
0.345245
0.345631
0.346051
0.346341
0.346587
0.346891
0.347337
0.347814
0.348298
0.348814
