0.0389344
0.157292
0.204316
0.244797
0.269797
0.291708
0.302935
0.308421
0.312264
0.318319
0.321227
0.323398
0.328661
0.330932
0.331963
0.335075
0.339283
0.343833
0.347318
0.350128
0.354726
0.356269
0.358442
0.362798
0.364938
0.365856
0.366759
0.368805
0.370559
0.372253
0.374241
0.376477
0.378253
0.381212
0.383082
0.385095
0.387554
0.387926
0.3889
0.389917
0.391762
0.393089
0.395302
0.396245
0.39831
0.398701
0.400584
0.401262
0.402857
0.404054
0.405641
0.406692
0.407436
0.409243
0.410995
0.41206
0.413582
0.415307
0.415557
0.416461
0.417165
0.418876
0.419494
0.419814
0.420697
0.421347
0.42197
0.423063
0.42421
0.425567
0.426532
0.427424
0.428993
0.430063
0.431183
0.432286
0.433322
0.433911
0.434966
0.435099
0.43607
0.437026
0.43767
0.438541
0.439077
0.440065
0.440667
0.440738
0.441488
0.442064
0.443183
0.44313
0.443641
0.444808
0.445776
0.446636
0.446944
0.447458
0.447967
0.448809
0.449145
0.449835
0.450425
0.451281
0.452281
0.453087
0.453942
0.454536
0.455097
0.455371
0.455978
0.457025
0.457292
0.45767
0.458567
0.459474
0.460373
0.460884
0.461274
0.461624
0.4617
0.46167
0.461748
0.462406
0.463026
0.463498
0.464276
0.464795
0.465434
0.465912
0.466322
0.466563
0.466935
0.467392
0.467807
0.46817
0.468597
0.469275
0.469247
0.46931
0.469621
0.469901
0.470129
0.470489
0.470914
0.471306
0.47166
0.472048
0.472155
0.472551
0.472696
0.473093
0.473363
0.473814
0.474256
0.47469
0.475207
0.475252
0.475488
0.476045
0.476161
0.476522
0.476886
0.477247
0.477569
0.478185
0.478593
0.479014
0.479121
0.479511
0.479821
0.480342
0.48081
0.481255
0.481569
0.481913
0.482218
0.482891
0.483101
0.483471
0.48378
0.483991
0.484213
0.484273
0.484639
0.484843
0.485053
0.485361
0.485665
0.485938
0.486332
0.486435
0.486556
0.486703
0.487084
0.487169
0.487542
0.487836
0.488083
