0.536145
0.492308
0.493851
0.487491
0.501429
0.50144
0.5027
0.502373
0.497384
0.498526
0.50347
0.507707
0.506585
0.503377
0.504421
0.505464
0.508925
0.507827
0.509801
0.510052
0.511257
0.513176
0.513289
0.513718
0.513649
0.514131
0.51392
0.512662
0.512667
0.513484
0.512162
0.512407
0.511607
0.511406
0.510675
0.511607
0.512197
0.511959
0.513482
0.513151
0.512832
0.513105
0.513483
0.511793
0.511084
0.511011
0.510983
0.510348
0.510638
0.511895
0.511943
0.511543
0.511901
0.512232
0.511433
0.511278
0.510941
0.510536
0.510387
0.510842
0.511141
0.511268
0.511483
0.511246
0.511726
0.512399
0.512479
0.512874
0.513025
0.51368
0.513542
0.514038
0.51442
0.513826
0.514502
0.513864
0.514351
0.514527
0.514338
0.514989
0.514479
0.514754
0.514402
0.514512
0.514836
0.515222
0.515572
0.514847
0.514998
0.515017
0.515121
0.515808
0.51572
0.515625
0.515186
0.515434
0.515057
0.515025
0.51487
0.515031
0.51533
0.515227
0.51546
0.515137
0.515186
0.515154
0.515001
0.514844
0.515006
0.514785
0.515213
0.515738
0.515564
0.515223
0.514906
0.514755
0.514411
0.514443
0.514673
0.514586
0.514863
0.514784
0.51486
0.515003
0.514541
0.514425
0.51446
0.514123
0.514316
0.514204
0.514446
0.514231
0.514079
0.514157
0.514323
0.514355
0.514196
0.513915
0.514023
0.513888
0.513771
0.513951
0.514028
0.51394
0.513914
0.513829
0.513399
0.513614
0.513533
0.513437
0.513725
0.513624
0.513211
0.513108
0.513093
0.512904
0.512881
0.512896
0.512842
0.512794
0.512881
0.513162
0.513064
0.513187
0.513295
0.513375
0.513325
0.513404
0.513392
0.513277
0.513233
0.513393
0.513469
0.513427
0.513481
0.513863
0.51398
0.514079
0.514268
0.514022
0.51418
0.514193
0.513904
0.514036
0.514029
0.513886
0.513718
0.514028
0.513942
