0.0193424
0.0223301
0.0248042
0.0265487
0.0362573
0.0400521
0.0441341
0.0478058
0.049594
0.0539041
0.0549981
0.0573527
0.058872
0.0606393
0.0619232
0.0639263
0.0677485
0.0699482
0.0721495
0.073025
0.0747588
0.0769571
0.0790173
0.0816557
0.0834992
0.0858878
0.0880897
0.0886271
0.0909091
0.0928523
0.0942613
0.0960699
0.0984938
0.100138
0.101417
0.103264
0.105162
0.106595
0.107415
0.108843
0.109954
0.11065
0.113325
0.114319
0.116105
0.118397
0.120376
0.122481
0.123366
0.124891
0.126413
0.127525
0.129308
0.130474
0.131546
0.132475
0.133943
0.135598
0.136751
0.137727
0.138494
0.139775
0.140628
0.142172
0.143305
0.144351
0.145881
0.146238
0.147452
0.148518
0.14956
0.150625
0.151769
0.15336
0.15356
0.154423
0.155516
0.15642
0.157589
0.1581
0.158796
0.159813
0.160363
0.161398
0.162081
0.162677
0.163736
0.164889
0.166102
0.167352
0.168034
0.168506
0.169496
0.170819
0.171533
0.172561
0.173326
0.174535
0.175255
0.176039
0.176799
0.177677
0.178378
0.179135
0.179924
0.180625
0.181496
0.182193
0.182514
0.182995
0.183849
0.184573
0.185305
0.186469
0.187263
0.187892
0.18817
0.189009
0.189921
0.190379
0.190867
0.191618
0.192336
0.193131
0.193621
0.19417
0.194951
0.195681
0.196451
0.196943
0.197349
0.198091
0.198683
0.199101
0.199659
0.200338
0.201203
0.201865
0.20261
0.203606
0.204098
0.204463
0.205155
0.205994
0.206575
0.207103
0.207378
0.207927
0.208035
0.209053
0.209913
0.210435
0.210858
0.211386
0.212106
0.212797
0.213218
0.213678
0.213852
0.214248
0.215034
0.215384
0.215784
0.216119
0.216546
0.217011
0.217512
0.218071
0.218452
0.218699
0.219081
0.219492
0.21992
0.220351
0.220819
0.221298
0.221915
0.222246
0.222796
0.223211
0.223633
0.224104
0.22487
0.225131
0.225484
0.225768
0.226413
0.22673
0.227148
0.227636
0.228129
0.22868
0.229048
0.229481
0.230035
0.230431
0.230877
0.231204
0.231713
