0.167702
0.131959
0.13079
0.130722
0.137988
0.141687
0.145029
0.156338
0.160702
0.165927
0.167265
0.171357
0.17508
0.176688
0.18003
0.183341
0.18797
0.191098
0.193606
0.196767
0.198187
0.201336
0.203657
0.206467
0.209962
0.21272
0.215658
0.217702
0.220351
0.221678
0.224309
0.226335
0.227617
0.228851
0.230522
0.23205
0.23454
0.236157
0.238297
0.24019
0.242016
0.243615
0.245079
0.247168
0.248657
0.250134
0.250849
0.252471
0.254187
0.256109
0.257478
0.258974
0.260219
0.261965
0.264218
0.265682
0.266575
0.267875
0.269478
0.270037
0.271475
0.272855
0.274043
0.275418
0.27642
0.277536
0.278577
0.279684
0.280991
0.281911
0.283364
0.284596
0.285332
0.286687
0.287486
0.287878
0.289105
0.289828
0.29063
0.291299
0.291875
0.29242
0.293556
0.294298
0.295371
0.296619
0.297434
0.298277
0.29917
0.300041
0.300582
0.300979
0.302214
0.30262
0.303412
0.304321
0.304945
0.305843
0.306776
0.30777
0.30887
0.309487
0.310394
0.311364
0.312235
0.313072
0.313666
0.31428
0.314898
0.315412
0.31626
0.316953
0.317353
0.317998
0.318709
0.318924
0.319658
0.319826
0.320314
0.320932
0.321253
0.321813
0.322839
0.323077
0.323796
0.324572
0.325205
0.325697
0.326294
0.326467
0.326868
0.327554
0.328272
0.328705
0.329405
0.329955
0.330331
0.330584
0.331168
0.331489
0.332101
0.332513
0.332831
0.333407
0.333621
0.333945
0.334172
0.334665
0.335301
0.335866
0.336153
0.336629
0.33697
0.337433
0.337691
0.338143
0.338683
0.339203
0.339649
0.339939
0.340104
0.340235
0.340596
0.340949
0.341262
0.341534
0.341459
0.342061
0.342606
0.343048
0.343165
0.343721
0.344256
0.344947
0.34536
0.345685
0.346363
0.346707
0.346715
0.347095
0.347132
0.347376
0.347725
0.347984
0.348094
0.3486
0.348983
0.349495
0.349904
0.350213
0.350578
0.351098
0.35161
0.351951
0.352211
0.352389
0.352902
0.353166
0.35359
