0.513761
0.509745
0.504442
0.504707
0.506969
0.503369
0.497317
0.502882
0.498399
0.503462
0.505
0.509091
0.512097
0.515208
0.514646
0.517455
0.516455
0.512227
0.513931
0.51486
0.5139
0.513692
0.51285
0.51415
0.513869
0.512755
0.51209
0.513013
0.51164
0.512335
0.513046
0.513196
0.512141
0.512387
0.5123
0.512984
0.5132
0.513855
0.515023
0.513908
0.515588
0.51699
0.517829
0.51862
0.519924
0.520115
0.520878
0.520341
0.519755
0.520973
0.521122
0.520929
0.520647
0.520673
0.520045
0.51976
0.519501
0.519339
0.519876
0.520061
0.520393
0.51967
0.5199
0.519576
0.519501
0.519948
0.520483
0.520526
0.520522
0.520288
0.52037
0.520329
0.521143
0.520864
0.521389
0.521248
0.521856
0.522126
0.522608
0.5225
0.522069
0.522593
0.522564
0.522526
0.522514
0.522427
0.522564
0.523049
0.523463
0.522647
0.522974
0.523084
0.523111
0.522897
0.522705
0.52275
0.523215
0.523651
0.52375
0.523873
0.524114
0.523964
0.523642
0.523244
0.523198
0.523429
0.5231
0.523044
0.522836
0.522992
0.522641
0.522763
0.522399
0.522717
0.523037
0.522739
0.522702
0.52301
0.523244
0.523328
0.523779
0.52386
0.523951
0.524482
0.524538
0.524872
0.52491
0.524893
0.52516
0.524942
0.524877
0.525029
0.524874
0.524966
0.525045
0.525138
0.524869
0.524532
0.524495
0.52415
0.524321
0.524569
0.524978
0.525215
0.525348
0.525421
0.525511
0.52554
0.525637
0.525548
0.525632
0.525825
0.525785
0.525816
0.525931
0.525945
0.525869
0.525836
0.525789
0.525483
0.525525
0.525734
0.525838
0.526024
0.526083
0.526228
0.526284
0.526334
0.526488
0.52656
0.526496
0.526399
0.526266
0.526196
0.52611
0.526097
0.525896
0.525925
0.52578
0.525222
0.525114
0.524959
0.524925
0.52509
0.525018
0.525178
0.52513
0.525303
0.525155
