0.0959184
0.0619289
0.052027
0.0582622
0.0655282
0.0717384
0.0748494
0.0780463
0.0822102
0.0879742
0.0906672
0.0943162
0.0972619
0.0987261
0.101572
0.103879
0.105263
0.108442
0.111251
0.114815
0.117858
0.12082
0.123031
0.12465
0.127847
0.131369
0.134257
0.137235
0.138832
0.142216
0.143755
0.146022
0.147103
0.14902
0.150173
0.152168
0.153317
0.15502
0.156299
0.157779
0.159229
0.160997
0.16331
0.165614
0.167107
0.168344
0.169422
0.171411
0.172957
0.175252
0.176041
0.177768
0.178768
0.180536
0.182548
0.184234
0.185918
0.186827
0.18827
0.189805
0.191146
0.192983
0.194692
0.195633
0.196604
0.198051
0.199214
0.200462
0.201871
0.203154
0.204376
0.205481
0.206669
0.208241
0.20921
0.210704
0.211879
0.21264
0.213655
0.21471
0.215599
0.216667
0.21758
0.218219
0.218979
0.219861
0.22027
0.221136
0.222183
0.222932
0.224068
0.225246
0.226607
0.227263
0.228443
0.229284
0.230017
0.230778
0.231629
