0.313725
0.199015
0.1625
0.147835
0.14303
0.144189
0.145175
0.148957
0.152375
0.157018
0.157807
0.161762
0.165626
0.168763
0.173823
0.175458
0.17728
0.18074
0.184631
0.187634
0.189109
0.190958
0.193137
0.19522
0.196347
0.198828
0.201694
0.205091
0.206972
0.208756
0.211895
0.21428
0.216125
0.218786
0.219931
0.222554
0.224673
0.227516
0.228987
0.231409
0.232761
0.236122
0.237537
0.240352
0.242604
0.244949
0.247655
0.249859
0.25161
0.253296
0.255834
0.257339
0.259683
0.261665
0.262922
0.264422
0.266036
0.268046
0.269866
0.271967
0.273197
0.273868
0.275706
0.277355
0.279806
0.281414
0.282683
0.28393
0.285541
0.286848
0.288441
0.290131
0.292092
0.293467
0.295124
0.295932
0.297378
0.298412
0.299893
0.300719
0.30163
0.302863
0.304477
0.305599
0.306596
0.307918
0.309267
0.310385
0.311357
0.312037
0.313498
0.314303
0.315592
0.316152
0.317248
0.318304
0.319244
0.320041
0.320773
