0.53271
0.542265
0.533819
0.527756
0.528936
0.529231
0.527923
0.524372
0.524535
0.529717
0.531968
0.529591
0.529605
0.530267
0.530941
0.530443
0.529245
0.528978
0.527953
0.528257
0.527392
0.528173
0.527011
0.52964
0.53059
0.531019
0.529503
0.529494
0.527921
0.528511
0.528238
0.528633
0.527082
0.525499
0.52524
0.524422
0.523415
0.523298
0.523265
0.524487
0.524554
0.523443
0.522811
0.523083
0.521988
0.521855
0.52126
0.521158
0.521896
0.52176
0.522198
0.522096
0.522204
0.522507
0.521818
0.521727
0.521446
0.522443
0.522568
0.521848
0.522152
0.522356
0.522854
0.52267
0.522327
0.522234
0.522281
0.523292
0.522819
0.523485
0.522675
0.522437
0.52203
0.521873
0.52208
0.522268
0.521939
0.522339
0.521845
0.522271
0.522607
0.522292
0.521692
0.521682
0.521499
0.52154
0.5215
0.521715
0.5217
