0.0360721
0.196538
0.256428
0.285788
0.298544
0.322733
0.328791
0.341574
0.343475
0.347756
0.350937
0.351535
0.354381
0.35558
0.356181
0.359156
0.362387
0.366338
0.367904
0.371374
0.373696
0.375321
0.37651
0.37897
0.378826
0.379769
0.381373
0.381911
0.382488
0.383282
0.385766
0.387463
0.387842
0.388837
0.388433
0.389371
0.391133
0.393295
0.394467
0.39585
0.396633
0.39735
0.398433
0.399951
0.40094
0.400874
0.40228
0.402656
0.402563
0.404066
0.405099
0.406421
0.407446
0.40826
0.408408
0.409527
0.411176
0.41203
0.413245
0.414419
0.415669
0.415328
0.41634
0.416087
0.417292
0.41787
0.419257
0.420441
0.421106
0.422228
0.422334
0.423104
0.424053
0.423897
0.424249
0.42479
0.425081
0.425639
0.42617
0.426526
0.42693
0.427157
0.427906
0.428755
0.429259
0.429695
0.430309
0.431272
0.431893
0.432219
0.433107
0.434012
0.434477
0.434941
0.434985
0.435521
0.435456
0.435667
0.435637
0.436151
0.436264
0.436737
0.437121
0.437218
0.437402
0.438056
0.438414
0.439045
0.439935
0.440605
0.441096
0.441598
0.441786
0.442306
0.443038
0.443473
0.443997
0.444153
0.444415
0.444501
0.444904
0.445252
0.445596
0.445904
0.446129
0.446361
0.446825
0.447221
0.447402
0.447673
0.448144
0.448696
0.449177
0.449507
0.449919
0.450454
0.450979
0.451306
0.451578
0.45205
0.452298
0.452357
0.452599
0.452858
0.453356
0.453759
0.454288
0.454833
0.454902
0.455203
0.455418
0.455976
0.456258
0.456538
0.456803
0.456765
0.456913
0.457306
0.45782
0.458248
0.45871
0.458734
0.459019
0.459385
0.459825
0.46003
0.460353
0.460489
0.460767
0.460648
0.461038
0.461622
0.461915
0.462004
0.462243
0.462382
0.462383
0.462629
0.462792
0.46304
0.463134
0.463389
0.463561
0.463918
0.463997
0.464525
0.464713
0.465032
0.465387
0.465717
0.465836
0.466152
0.466351
0.466841
0.467147
0.467403
0.467621
0.467937
0.46808
