0.00598802
0.0353635
0.0578187
0.0789859
0.0846519
0.0886991
0.0963109
0.102081
0.109358
0.11298
0.11805
0.120699
0.123745
0.125098
0.129152
0.132091
0.134657
0.137784
0.139918
0.143742
0.147361
0.150748
0.152996
0.153743
0.156471
0.157834
0.160584
0.164157
0.16605
0.167879
0.170028
0.172475
0.174327
0.17638
0.177351
0.179452
0.180842
0.182842
0.184284
0.186265
0.187406
0.188349
0.190423
0.192308
0.194016
0.19622
0.197112
0.19842
0.199535
0.201229
0.202127
0.202885
0.204644
0.205924
0.207615
0.209745
0.210852
0.212479
0.21394
0.215592
0.217636
0.218487
0.220226
0.221333
0.222227
0.223585
0.225193
0.226072
0.227391
0.228562
0.229736
0.231084
0.232653
0.233739
0.235073
0.236303
0.237551
0.23858
0.239695
0.240907
0.241907
0.242834
0.243331
0.244233
0.245694
0.247231
0.247962
0.249226
0.250383
0.251177
0.252085
0.252836
0.25394
0.254875
0.255595
0.256458
0.257397
0.258203
0.259305
0.260496
0.261258
0.262023
0.262761
0.263382
0.263808
0.26491
0.265762
0.266191
0.267347
0.267933
0.268608
0.269572
0.270485
0.270787
0.271918
0.27261
0.273565
0.274369
0.27482
0.275316
0.27595
0.276415
0.277035
0.277489
0.278399
0.278915
0.279602
0.280061
0.280765
0.281426
0.282086
0.282259
0.283066
0.283563
0.284621
0.284963
0.285524
0.285972
0.286792
0.287503
0.288084
0.288682
0.289358
0.289918
0.290312
0.290585
0.291084
0.29157
0.292358
0.293138
0.293514
0.293983
0.294651
0.295035
0.295784
0.29627
0.2971
0.297674
0.298499
0.298836
0.299479
0.299996
0.300273
0.300659
0.30125
0.301932
0.302599
0.302995
0.303306
0.303422
0.303721
0.304094
0.304262
0.304562
0.304815
0.305256
0.305453
0.305895
0.30643
0.30704
0.30746
0.308028
0.308463
0.308727
0.309351
0.309758
0.310187
0.310407
0.311123
0.311586
0.312094
0.312568
0.312945
0.313465
0.314046
0.314221
0.314622
0.315199
0.315561
