0.538941
0.552906
0.551
0.556632
0.553039
0.553383
0.544358
0.543568
0.545211
0.546723
0.540929
0.541572
0.53823
0.540722
0.537334
0.535393
0.53202
0.531443
0.533491
0.535205
0.531077
0.531446
0.530548
0.529796
0.530598
0.529256
0.526281
0.525168
0.523485
0.522276
0.520382
0.520393
0.51868
0.517812
0.517833
0.518503
0.517876
0.517705
0.517663
0.516856
0.518017
0.517076
0.516865
0.5168
0.516718
0.517214
0.517175
0.516495
0.51603
0.515578
0.515157
0.515454
0.515267
0.51497
0.515266
0.515134
0.515008
0.515482
0.515666
0.516123
0.515999
0.515878
0.51542
0.515608
0.515912
0.515747
0.515577
0.515785
0.515849
0.515973
0.516254
0.516753
0.516496
0.516871
0.517488
0.517574
0.516862
0.517342
0.517929
0.518005
0.517965
0.517275
0.517325
0.517257
0.516969
0.516681
0.516794
0.516199
0.516477
0.516445
0.516281
0.516387
0.516686
0.516144
0.515775
0.51546
0.515368
0.515181
0.5153
0.515913
0.51566
0.515419
0.515794
0.515821
0.51579
0.51565
0.515324
0.515442
0.515271
0.515025
0.514741
0.514793
0.514758
0.514429
0.514177
0.514021
0.513992
0.51386
0.513431
0.513565
0.513848
0.514067
0.514254
0.514391
0.514526
0.514422
0.514309
0.514471
0.514132
0.513973
0.514207
0.51437
0.514283
0.514098
0.514316
0.514328
0.514435
0.514399
0.514206
0.514015
0.514096
0.514159
0.514066
0.514245
0.514396
0.51442
0.514566
0.514573
0.514857
0.51489
0.514697
0.514485
0.514662
0.514532
0.514272
0.514066
0.513994
0.51371
0.513557
0.513651
0.513682
0.513632
0.513331
0.513
0.51287
0.512762
0.512912
0.51271
0.512614
0.51253
0.512396
0.512163
0.512209
0.512365
0.512163
0.512161
0.512152
0.512068
0.512003
0.511958
0.511943
0.511978
0.512001
0.511922
0.511748
0.511714
0.511686
0.511627
0.511712
