0.275794
0.278932
0.30111
0.312469
0.315058
0.316422
0.318559
0.324297
0.326635
0.334736
0.336954
0.340681
0.345828
0.349573
0.352375
0.354011
0.355319
0.355678
0.36029
0.361014
0.3631
0.364802
0.367759
0.366989
0.367033
0.369728
0.372383
0.37403
0.375532
0.376788
0.377819
0.378634
0.378698
0.378844
0.380265
0.382236
0.383656
0.383372
0.383243
0.383644
0.384917
0.385323
0.386135
0.386691
0.387223
0.387563
0.388314
0.388219
0.389333
0.389979
0.390431
0.390783
0.391132
0.391717
0.392173
0.392906
0.392613
0.392309
0.393109
0.393817
0.393849
0.393976
0.394114
0.394188
0.394632
0.395481
0.395349
0.395725
0.395773
0.396195
0.396273
0.396385
0.396679
0.396771
0.396384
0.396664
0.397057
0.397169
0.397343
0.397425
0.397799
0.398073
0.398403
0.398395
0.398707
0.398451
0.399153
0.399691
0.399694
0.40048
0.400818
0.400964
0.401309
0.401416
0.401438
0.401709
0.401581
0.401869
0.401857
0.401787
0.401883
0.402038
0.401953
0.402007
0.402179
0.402505
0.402779
0.402685
0.402688
0.402415
0.402538
0.40261
0.402848
0.40284
0.403301
0.40343
0.403538
0.403634
0.403363
0.403364
0.403353
0.403624
0.403556
0.403607
0.403773
0.404245
0.404383
0.404674
0.405021
0.404914
0.40468
0.404659
0.404493
0.404672
0.404934
0.404836
0.404746
0.404656
0.405032
0.404862
0.404804
0.404899
0.404906
0.405395
0.405272
0.405247
0.40533
0.405682
0.405786
0.405765
0.405605
0.405982
0.406217
0.406358
0.406634
0.4066
0.40633
0.4065
0.406362
0.406483
0.406495
0.406222
0.406493
0.406545
0.406962
0.406959
0.407143
0.407387
0.407294
0.407533
0.407636
0.407699
0.407808
0.40782
0.407999
0.408035
0.407991
0.407794
0.407588
0.407454
0.407463
0.407665
0.407449
0.407898
0.408025
0.407746
0.407847
0.407734
0.407715
0.407657
0.40765
0.407614
0.407431
0.407443
0.407572
0.407545
0.407657
0.407943
0.407966
