0.0241935
0.091001
0.126617
0.156773
0.169553
0.181092
0.188695
0.198207
0.204601
0.208267
0.213521
0.216082
0.219235
0.225613
0.228141
0.232565
0.234836
0.237958
0.240365
0.242373
0.247005
0.24761
0.250107
0.249637
0.251751
0.25448
0.25721
0.25981
0.260827
0.261946
0.262911
0.262754
0.264022
0.266239
0.267908
0.269743
0.271733
0.270849
0.271933
0.272404
0.273307
0.273872
0.274167
0.274692
0.275523
0.276554
0.277465
0.277531
0.277719
0.278102
0.27821
0.278217
0.278308
0.27839
0.278849
0.278867
0.278075
0.277554
0.278522
0.279045
0.278752
0.279376
0.2804
0.280504
0.281331
0.281582
0.281859
0.283435
0.284393
0.284882
0.284327
0.285083
0.285268
0.285839
0.285661
0.286361
0.287318
0.287231
0.287335
0.28781
0.287941
0.287808
0.287965
0.288149
0.289072
0.28956
0.290298
0.291032
0.291821
0.292418
0.293072
0.293052
0.292975
0.293322
0.293334
0.292968
0.293343
0.293523
0.293889
0.294292
0.295072
0.295794
0.295724
0.296141
0.296447
0.296911
0.297086
0.297022
0.29705
0.296539
0.29706
0.297587
0.297839
0.298065
0.298073
0.298536
0.298683
0.298849
0.298698
0.299165
0.299119
0.299813
0.29973
0.299306
0.299808
0.299748
0.300264
0.300711
0.300878
0.301207
0.301024
0.300786
0.30089
0.301019
0.301012
0.300994
0.301139
0.301017
0.30122
0.301321
0.301214
0.301426
0.30175
0.301694
0.301985
0.302043
0.302199
0.302235
0.302534
0.302448
0.302223
0.30227
0.302809
0.302838
0.303336
0.303785
0.303597
0.30365
0.303724
0.303934
0.304286
0.304321
0.304614
0.304252
0.304572
0.304886
0.304858
0.305056
0.304936
0.304851
0.305142
0.305031
0.30519
0.304922
0.304962
0.304842
0.304668
0.304529
0.304652
0.304572
0.304937
0.305302
0.305308
0.305499
0.305958
0.305882
0.305745
0.305553
0.305421
0.305343
0.30529
0.305354
0.305351
0.305246
0.305382
0.305347
0.305395
0.305564
0.305609
