0.39881
0.414348
0.412424
0.413895
0.413388
0.407462
0.409843
0.404691
0.407947
0.40173
0.405714
0.40233
0.407602
0.402922
0.403547
0.407024
0.409352
0.408516
0.40933
0.411029
0.413132
0.41015
0.407783
0.411047
0.409974
0.41109
0.410312
0.407786
0.406291
0.406228
0.405269
0.404762
0.40476
0.403841
0.401711
0.4
0.39867
0.397703
0.39708
0.396987
0.39583
0.395009
0.396143
0.394482
0.393059
0.392672
0.39134
0.389686
0.389765
0.389257
0.388356
0.388697
0.388942
0.387245
0.387253
0.387155
0.386408
0.386053
0.385116
0.385475
0.385614
0.38585
0.386569
0.385703
0.385202
0.385204
0.385686
0.385649
0.385001
0.384734
0.384178
0.383834
0.383854
0.383957
0.384462
0.384906
0.384879
0.385108
0.385286
0.385566
0.386315
0.385801
0.385737
0.385609
0.385491
0.38521
0.385925
0.386419
0.386735
0.38666
0.387084
0.387073
0.386588
0.386565
0.3863
0.386549
0.38661
0.386981
0.38648
0.385878
0.385554
0.385618
0.385529
0.384822
0.384767
0.384391
0.38435
0.384594
0.384736
0.384817
0.384418
0.385243
0.384989
0.385065
0.384946
0.38492
0.385274
0.38571
0.385354
0.385263
0.384673
0.384931
0.384823
0.384891
0.38461
0.383989
0.384325
0.384446
0.384395
0.384754
0.384932
0.384993
0.384409
0.384547
0.384614
0.384427
0.384217
0.384333
0.384358
0.384298
0.383852
0.384028
0.384167
0.38421
0.384716
0.384679
0.384322
0.384245
0.384148
0.384429
0.384705
0.384455
0.384743
0.38438
0.384189
0.384476
0.384457
0.38468
0.384106
0.384194
0.383935
0.383595
0.383819
0.384089
0.384054
0.383978
0.383717
0.383486
0.383311
0.383191
0.383287
0.383627
0.383575
0.383765
0.383785
0.383627
0.383388
0.383232
0.383093
0.383147
0.383425
0.383411
0.383543
0.383772
0.383806
0.383442
0.383389
0.383767
0.383832
