0.0475248
0.217131
0.251953
0.268532
0.274773
0.285479
0.291089
0.296627
0.300881
0.301131
0.302196
0.304363
0.308811
0.30908
0.309975
0.311448
0.313485
0.314363
0.315197
0.315727
0.316241
0.316679
0.318114
0.321625
0.322158
0.322497
0.322772
0.323857
0.322805
0.323562
0.324666
0.325557
0.327227
0.327804
0.327846
0.328105
0.32816
0.329727
0.330931
0.331139
0.330717
0.330936
0.33072
0.332024
0.332089
0.333391
0.333333
0.333763
0.334635
0.335223
0.335047
0.335518
0.335992
0.336603
0.336978
0.337502
0.337692
0.337938
0.339488
0.34045
0.340476
0.340443
0.34122
0.341927
0.342809
0.343239
0.343714
0.344286
0.344214
0.344616
0.345237
0.345344
0.346275
0.346566
0.34687
0.347138
0.347238
0.347223
0.348135
0.348578
0.348777
0.348839
0.349249
0.349788
0.349756
0.350434
0.351083
0.351483
0.351883
0.351884
0.351762
0.351371
0.351689
0.352362
0.353046
0.353041
0.353376
0.353624
0.353779
0.353811
0.354105
0.354059
0.35384
0.354612
0.355005
0.355232
0.355161
0.355575
0.355475
0.355884
0.356258
0.356391
0.356825
0.357202
0.357484
0.358125
0.358317
0.358537
0.359127
0.359535
0.359728
0.360041
0.360136
0.360636
0.360875
0.361056
0.36164
0.361664
0.362007
0.362076
0.362262
0.362419
0.3628
0.36301
0.363231
0.363588
0.363871
0.364058
0.364347
0.364732
0.364899
0.365175
0.365452
0.365725
0.365973
0.36604
0.366322
0.366719
0.366567
0.366715
0.366895
0.367102
0.367389
0.367488
0.367638
0.367859
0.368092
0.368251
0.36864
0.368526
0.368837
0.368957
0.368976
0.368964
0.368933
0.368856
0.368851
0.368941
0.369217
0.369562
0.369795
0.369976
0.370191
0.370362
0.370416
0.370604
0.370965
0.371257
0.371274
0.371419
0.371851
0.372136
0.372241
0.372238
0.372467
0.372472
0.37254
0.372791
0.373288
0.37321
0.373409
0.37371
0.373807
0.373797
0.374094
0.374134
0.374365
0.374491
0.374713
