0
0.0110442
0.0170765
0.0229241
0.0263478
0.0290246
0.033189
0.0370464
0.0394619
0.041339
0.0416272
0.0412574
0.0425101
0.0435685
0.0453099
0.0466359
0.0474745
0.0478324
0.0491038
0.0493035
0.0494071
0.0502975
0.0513125
0.0523451
0.0537286
0.0546699
0.0553666
0.0560953
0.0569474
0.057508
0.0582858
0.0601829
0.0612908
0.0618923
0.0629281
0.0634046
0.0639748
0.0646473
0.0655783
0.0658213
0.0670696
0.0676986
0.0683734
0.0687084
0.0697169
0.0705485
0.0718354
0.0726651
0.0731871
0.0737201
0.0743819
0.0747218
0.0755267
0.076695
0.0773483
0.0789161
0.0792238
0.079816
0.080034
0.0805709
0.0814124
0.0819731
0.0825888
0.0829975
0.0831965
0.0835001
0.0842189
0.0848349
0.0858555
0.0865164
0.0873006
0.0879488
0.0884383
0.0889425
0.0897334
0.0902983
0.0908923
0.0911046
0.0916031
0.0922825
0.0928991
0.093801
0.0944666
0.0952623
0.0957383
0.0965364
0.0969183
0.0974556
0.0980915
0.0987011
0.0990195
0.0992658
0.0997167
0.100412
0.101085
0.10166
0.102174
0.102427
0.102874
0.103741
0.104333
0.10473
0.105313
0.105821
0.106433
0.106747
0.107228
0.107652
0.108155
0.108349
0.108938
0.109601
0.109916
0.110833
0.11132
0.111654
0.111987
0.112105
0.112143
0.112376
0.112612
0.112741
0.113152
0.113368
0.113605
0.113752
0.114177
0.11461
0.114962
0.115233
0.115711
0.11617
0.116425
0.116957
0.117342
0.117797
0.118156
0.118361
0.119009
0.119564
0.120127
0.120406
0.120841
0.121227
0.121415
0.121699
0.122169
0.122467
0.12275
0.123163
0.123351
0.123803
0.124192
0.12468
0.124871
0.125264
0.125584
0.125846
0.12623
0.126334
0.126709
0.127055
0.127444
0.12771
0.128041
0.128427
0.128815
0.129028
0.129474
0.129763
0.129959
0.130309
0.130582
0.130966
0.131249
0.131604
0.131966
0.132165
0.132399
0.132827
0.133135
0.1334
0.133703
0.134037
0.134437
0.134733
0.135111
0.135277
0.135749
0.13608
0.136486
0.136563
0.137064
0.137497
0.13766
0.137986
0.138272
0.138627
0.138959
