0.519062
0.514158
0.517107
0.51437
0.507084
0.500747
0.494637
0.489106
0.485122
0.482779
0.489757
0.487958
0.487399
0.487323
0.489148
0.489842
0.493063
0.492929
0.493841
0.494682
0.496006
0.4962
0.495436
0.496582
0.495747
0.49737
0.498255
0.499024
0.500418
0.49995
0.50044
0.500756
0.500367
0.501203
0.501125
0.502858
0.502979
0.504364
0.503437
0.502523
0.504373
0.505069
0.505593
0.505356
0.504667
0.505253
0.505592
0.506597
0.506737
0.50665
0.507534
0.507094
0.506366
0.505771
0.506127
0.505746
0.506043
0.5057
0.505737
0.505941
0.5057
0.505335
0.505367
0.504811
0.504806
0.505142
0.505404
0.50532
0.505051
0.504938
0.505743
0.505789
0.505592
0.505067
0.505503
0.505838
0.505372
0.505804
0.505886
0.506343
0.506359
0.506411
0.505917
0.505755
0.50588
0.506094
0.505922
0.506012
0.506234
0.506134
0.506296
0.506442
0.506541
0.506378
0.5063
0.50596
0.506059
0.50604
0.505736
0.505652
0.505867
0.50578
0.505516
0.505793
0.505851
0.506006
0.506116
0.505798
0.505845
0.505421
0.505287
0.505658
0.505913
0.505966
0.505993
0.506321
0.506306
0.506543
0.506599
0.506911
0.506893
0.507258
0.50709
0.507164
0.506987
0.507109
0.507407
0.507503
0.507704
0.507434
0.507422
0.507535
0.507978
0.508126
0.508295
0.50819
0.508218
0.508223
0.508186
0.507847
0.507662
0.507578
0.507526
0.507832
0.507807
0.507786
0.507954
0.508062
0.507946
0.50776
0.5077
0.507444
0.507421
0.507576
0.507945
0.508388
0.508153
0.508164
0.508142
0.507904
0.50794
0.508283
0.508503
0.508274
0.508211
0.508414
0.508428
0.508593
0.50857
0.508457
0.508585
0.508324
0.508309
0.508392
0.508495
0.508508
0.508443
0.508615
0.508722
0.508602
0.508526
0.508275
0.508248
0.508366
0.508163
0.508208
0.508166
0.508023
0.507916
