0.0189873
0.0256663
0.0311688
0.0319097
0.0352526
0.042721
0.0465182
0.0511111
0.0558965
0.0584071
0.0584763
0.0600173
0.0621006
0.0634699
0.063237
0.0652205
0.0674172
0.0693982
0.0713235
0.0727401
0.0745713
0.0754491
0.0768183
0.0791287
0.0801534
0.0815957
0.0822575
0.0851482
0.0869452
0.0882402
0.0896975
0.0914658
0.0923268
0.0937429
0.0938215
0.0945234
0.0957649
0.0969426
0.0975544
0.0987476
0.100186
0.101232
0.10296
0.103947
0.104805
0.106605
0.107898
0.108366
0.109184
0.110245
0.11143
0.112302
0.113509
0.114665
0.115757
0.117098
0.117896
0.11845
0.119239
0.121004
0.121554
0.122424
0.123099
0.12405
0.125043
0.125457
0.126061
0.127363
0.12802
0.128512
0.12909
0.129601
0.130322
0.130706
0.131317
0.132132
0.133163
0.134073
0.13529
0.13677
0.137295
0.138161
0.139055
0.139834
0.141084
0.141495
0.142267
0.142692
0.143293
0.144108
0.144567
0.145343
0.146111
0.146622
0.14772
0.148503
0.149073
0.149657
0.150033
0.150278
0.150781
0.151352
0.152059
0.152919
0.153217
0.15405
0.154661
0.155225
0.155518
0.156093
0.156911
0.157574
0.158461
0.158959
0.159701
0.159993
0.160628
0.160694
0.161212
0.162176
0.162654
0.163048
0.163356
0.163845
0.164542
0.165197
0.165818
0.166637
0.167189
0.167981
0.168266
0.168812
0.169094
0.16959
0.170124
0.170559
0.171252
0.172061
0.172631
0.173095
0.173741
0.174213
0.174821
0.175388
0.17585
0.176452
0.17695
0.17748
0.177842
0.178199
0.178606
0.17895
0.179446
0.180068
0.180654
0.181117
0.181848
0.182354
0.182702
0.182946
0.183371
0.184005
0.184171
0.184681
0.185282
0.18543
0.185901
0.186512
0.186867
0.187338
0.187518
0.187906
0.188326
0.18871
0.189022
0.189452
0.189817
0.190136
0.190531
0.190747
0.191136
0.191376
0.191913
0.192193
0.192425
0.192795
0.193085
0.193409
0.193577
0.193968
0.194286
0.19466
0.195087
0.195383
0.19584
0.196705
0.196975
0.197345
0.197701
