0.0931559
0.160081
0.172603
0.184921
0.199837
0.209334
0.218361
0.227089
0.229157
0.234385
0.235429
0.234884
0.237354
0.239572
0.241568
0.243664
0.244204
0.245231
0.246737
0.247351
0.248796
0.249746
0.253023
0.25436
0.254858
0.255379
0.255997
0.256233
0.256513
0.257994
0.25864
0.259679
0.260852
0.261432
0.262439
0.263138
0.265144
0.266379
0.268106
0.268584
0.269472
0.269221
0.270361
0.270525
0.271644
0.273047
0.273926
0.2754
0.276184
0.277126
0.277279
0.277442
0.277532
0.277314
0.277887
0.277981
0.277975
0.278052
0.279052
0.279415
0.27945
0.28016
0.280021
0.279827
0.280245
0.280078
0.280595
0.281062
0.28163
0.281322
0.282041
0.281937
0.282397
0.283225
0.283702
0.28464
0.284901
0.285481
0.286093
0.286336
0.286474
0.287068
0.287203
0.287564
0.287477
0.287886
0.288082
0.288618
0.289108
0.289808
0.290644
0.291052
0.291232
0.291722
0.292353
0.292427
0.292381
0.292842
0.29333
0.293936
0.294059
0.293971
0.294033
0.29455
0.294589
0.295194
0.295749
0.295895
0.296422
0.296719
0.296765
0.296858
0.297396
0.297562
0.298034
0.298477
0.298985
0.299319
0.299724
0.300055
0.300331
0.300918
0.301243
0.301846
0.30209
0.302254
0.302741
0.303079
0.303421
0.303415
0.303883
0.304571
0.304592
0.305224
0.305322
0.305533
0.305773
0.306423
0.306638
0.306537
0.306463
0.306655
0.306773
0.307225
0.307563
0.307779
0.307991
0.308211
0.308295
0.308468
0.308677
0.309085
0.309264
0.309345
0.309451
0.309694
0.30997
0.310067
0.310455
0.310637
0.31113
0.311181
0.311475
0.311937
0.312269
0.312696
0.313042
0.313266
0.313244
0.313453
0.313688
0.314022
0.314225
0.314458
0.314916
0.315165
0.315082
0.315321
0.31543
0.315693
0.316008
0.316303
0.316628
0.316962
0.317181
0.317454
0.317696
0.3179
0.31795
0.317992
0.318086
0.318104
0.318227
0.318208
0.318669
0.318971
0.319181
0.319363
0.319594
