0.458967
0.468217
0.474645
0.481139
0.488372
0.489525
0.492
0.487061
0.483893
0.486486
0.491306
0.498478
0.498714
0.500434
0.504847
0.50294
0.503298
0.503459
0.503996
0.505906
0.506849
0.508675
0.507934
0.507551
0.509493
0.511412
0.512758
0.514982
0.51466
0.514289
0.515658
0.515822
0.516376
0.515881
0.515188
0.514631
0.514965
0.51448
0.513468
0.512801
0.512149
0.510725
0.511079
0.512167
0.512662
0.513105
0.511573
0.511019
0.511005
0.511522
0.511398
0.511672
0.511305
0.512312
0.512491
0.512702
0.512553
0.512061
0.512569
0.513079
0.513929
0.513999
0.51408
0.514608
0.513938
0.514523
0.514709
0.514943
0.51485
0.514685
0.515251
0.515478
0.515108
0.515266
0.515558
0.515813
0.515381
0.516097
0.515843
0.516357
0.516701
0.517264
0.517087
0.517937
0.518317
0.518341
0.518521
0.51856
0.519681
0.520164
0.520471
0.520106
0.520408
0.520434
0.520222
0.519861
0.519296
0.519654
0.520011
0.520114
0.519937
0.519996
0.519773
0.519202
0.519187
0.519244
0.519652
0.51941
0.519373
0.519429
0.519733
0.519624
0.519153
0.519586
0.520032
0.519822
0.519951
0.519824
0.519434
0.519507
0.519692
0.519363
0.519148
0.519054
0.51901
0.518832
0.51822
0.518154
0.518444
0.518258
0.518303
0.518338
0.518448
0.518454
0.518949
0.518769
0.519066
0.518844
0.518757
0.518367
0.518274
0.518391
0.518279
0.518121
0.518099
0.518148
0.518434
0.518455
0.518117
0.518391
0.518586
0.518836
0.518855
0.518883
0.518919
0.518983
0.519047
0.519005
0.519046
0.519312
0.519515
0.519637
0.519383
0.519884
0.519953
0.519862
0.519699
0.519712
0.519677
0.519847
0.519952
0.519957
0.520076
0.520084
0.520306
0.520143
0.520287
0.520317
0.520531
0.520534
0.520595
0.52025
0.520036
0.520268
0.520336
0.520433
0.520406
0.520023
0.519914
