0.00585938
0.0178042
0.0316414
0.0415
0.0443822
0.0481123
0.0504614
0.0585133
0.0628051
0.0633214
0.0664933
0.067224
0.0691017
0.0721954
0.0731671
0.0750772
0.0762032
0.0783434
0.0787625
0.0814683
0.0830773
0.0849781
0.0860044
0.0870143
0.0894534
0.0915688
0.0919338
0.0937079
0.0954949
0.0984408
0.100123
0.100702
0.102153
0.103315
0.104522
0.106398
0.10778
0.109397
0.110529
0.112777
0.114579
0.117107
0.117994
0.118598
0.12016
0.12174
0.12321
0.124382
0.125429
0.126926
0.127577
0.129366
0.130552
0.131098
0.132408
0.133401
0.134909
0.136396
0.137238
0.137523
0.138479
0.139859
0.140521
0.142326
0.143856
0.144736
0.145728
0.14597
0.146606
0.14741
0.147848
0.148672
0.149386
0.150075
0.151114
0.151845
0.153027
0.153846
0.15453
0.155211
0.156123
0.156928
0.157842
0.15871
0.159376
0.159892
0.160784
0.162004
0.162556
0.163509
0.164459
0.16548
0.165737
0.166483
0.167459
0.16833
0.168728
0.169493
0.169995
0.170796
0.171183
0.171854
0.172493
0.172928
0.173421
0.173826
0.174482
0.17496
0.175263
0.175822
0.176603
0.177032
0.177975
0.178572
0.179316
0.180054
0.180793
0.181168
0.181768
0.182165
0.182551
0.182815
0.182976
0.18358
0.183825
0.184298
0.185019
0.185676
0.186074
0.186912
0.187452
0.187794
0.188539
0.188917
0.1894
0.190396
0.191161
0.191816
0.192421
0.193377
0.193825
0.194134
0.194565
0.195132
0.195736
0.196048
0.196637
0.196729
0.1973
0.197751
0.198166
0.198924
0.199706
0.200221
0.200595
0.200917
0.201411
0.201505
0.202254
0.202875
0.203349
0.203877
0.204056
0.204677
0.205272
0.205814
0.206418
0.206752
0.207088
0.207476
0.207905
0.208247
0.208862
0.209301
0.209972
0.210248
0.210798
0.211067
0.21146
0.211968
0.212223
0.213052
0.213392
0.213911
0.214358
0.214847
0.2151
0.215498
0.215954
0.216218
0.216658
0.217006
0.217238
0.217552
0.21799
0.218438
0.219034
0.219632
0.220141
