0.0368852
0.186047
0.233311
0.261
0.281713
0.297971
0.310306
0.315829
0.318202
0.322218
0.324594
0.326254
0.328836
0.331571
0.333435
0.333964
0.336624
0.338394
0.338179
0.338755
0.340995
0.341732
0.342264
0.343279
0.344442
0.346808
0.346479
0.347101
0.347822
0.348575
0.348796
0.350025
0.350326
0.351539
0.352297
0.352718
0.352409
0.353627
0.354401
0.355314
0.356237
0.357037
0.358523
0.359843
0.360175
0.360854
0.362035
0.362421
0.362608
0.363591
0.364159
0.364339
0.365805
0.366007
0.366491
0.36734
0.367402
0.368284
0.368803
0.369113
0.369559
0.370803
0.371582
0.372169
0.372339
0.372986
0.373269
0.373148
0.373384
0.373751
0.374111
0.374798
0.37607
0.376056
0.376848
0.377616
0.378388
0.378916
0.379422
0.379978
0.380793
0.381661
0.382041
0.382797
0.383247
0.383724
0.384173
0.384492
0.384879
0.385379
0.38579
0.386178
0.386922
0.38726
0.387522
0.388343
0.388626
0.389188
0.389786
0.390417
0.390898
0.391112
0.391491
0.391802
0.392039
0.392171
0.392494
0.393281
0.393486
0.393828
0.394079
0.394305
0.394513
0.394818
0.395277
0.396147
0.39653
0.396909
0.397291
0.397701
0.398002
0.398513
0.398695
0.39909
0.399339
0.399815
0.399936
0.400446
0.400714
0.401135
0.401296
0.4016
0.402124
0.402464
0.402313
0.402468
0.402698
0.403043
0.403064
0.40356
0.403946
0.404278
0.404674
0.404855
0.405226
0.405462
0.405768
0.405967
0.406269
0.40653
0.406747
0.407058
0.4072
0.407767
0.408078
0.408656
0.408578
0.408712
0.408907
0.409262
0.40951
0.409783
0.409886
0.410146
0.410354
0.410316
0.410656
0.410847
0.411054
0.411091
0.411481
0.41164
0.412047
0.412309
0.412307
0.412675
0.413152
0.413763
0.413952
0.414141
0.414285
0.414394
0.414848
0.415031
0.415276
0.415156
0.415361
0.415743
0.416111
0.416342
0.41673
0.417075
0.417108
0.417235
0.417255
0.417404
0.417643
0.417884
0.418167
