0.471338
0.477863
0.486895
0.492873
0.487087
0.487512
0.49055
0.484027
0.48867
0.490527
0.491821
0.495453
0.497274
0.49905
0.499107
0.498507
0.499469
0.5
0.50055
0.500373
0.501423
0.501765
0.502078
0.502432
0.504425
0.50467
0.504166
0.505201
0.504867
0.506805
0.507092
0.507726
0.506992
0.507534
0.507291
0.508442
0.508696
0.508877
0.507259
0.507075
0.506607
0.506945
0.506467
0.505704
0.507113
0.506821
0.506968
0.506608
0.506736
0.506507
0.507621
0.507966
0.50824
0.507916
0.508059
0.508053
0.508761
0.509092
0.50825
0.508094
0.508081
0.508025
0.507031
0.507131
0.507576
0.508335
0.508907
0.509269
0.509613
0.5097
0.509495
0.509713
0.509398
0.50917
0.508652
0.509393
0.508832
0.509056
0.509588
0.509776
0.51004
0.51054
0.511257
0.51109
0.511135
0.512062
0.512854
0.512058
0.511955
0.51185
0.511885
0.512035
0.511826
0.511234
0.511704
0.511543
0.511613
0.511765
0.511675
0.512113
0.512132
0.512052
0.51225
0.512267
0.51268
0.512712
0.512384
0.512611
0.512401
0.512315
0.512526
0.512606
0.513112
0.513211
0.513297
0.513332
0.513023
0.513301
0.513087
0.513086
0.512654
0.512754
0.512842
0.512386
0.512389
0.512365
0.512263
0.512073
0.511721
0.511501
0.511517
0.511339
0.511555
0.511658
0.511119
0.511219
0.511457
0.511418
0.511209
0.51136
0.51113
0.511499
0.511471
0.511563
0.511492
0.511686
0.51178
0.511591
0.511807
0.511742
0.511777
0.511779
0.511954
0.511817
0.512094
0.512182
0.512259
0.512228
0.512199
0.512212
0.512167
0.512265
0.51232
0.512354
0.512335
0.512288
0.512246
0.512016
0.511732
0.511727
0.51164
0.511557
0.511828
0.5117
0.511457
0.511271
0.511547
0.511465
0.511792
0.512003
0.511842
0.511846
0.51166
0.511649
0.511178
0.511264
0.511196
0.510994
0.510894
