0.266
0.195825
0.18499
0.189055
0.190686
0.19579
0.200287
0.203995
0.208659
0.21114
0.214447
0.217129
0.219049
0.223753
0.227184
0.229901
0.233729
0.234518
0.238787
0.239311
0.242484
0.244499
0.247664
0.25013
0.250977
0.252469
0.253793
0.255394
0.256696
0.258048
0.259738
0.260957
0.261461
0.263013
0.263154
0.265271
0.266497
0.267951
0.269321
0.270042
0.271337
0.272078
0.273228
0.275341
0.2772
0.278965
0.279732
0.2807
0.282512
0.283632
0.284508
0.285126
0.28567
0.285916
0.287096
0.288569
0.289099
0.289604
0.290603
0.291488
0.291714
0.292928
0.293196
0.293603
0.294878
0.295647
0.296509
0.297161
0.297301
0.298096
0.297975
0.298935
0.299212
0.300295
0.300671
0.301065
0.30166
0.302197
0.303081
0.303845
0.30474
0.30609
0.306614
0.307354
0.30769
0.308592
0.309464
0.310336
0.310866
0.311547
0.312438
0.313406
0.31426
0.314405
0.315085
0.316167
0.31636
0.317272
0.31811
