0.19
0.110664
0.0952059
0.0884422
0.0840972
0.0854672
0.0905983
0.0951189
0.0982518
0.0996618
0.100299
0.102048
0.104115
0.105636
0.108585
0.110605
0.113177
0.114586
0.1155
0.117155
0.1196
0.121692
0.123784
0.125684
0.12818
0.131026
0.134288
0.135361
0.137238
0.138339
0.140415
0.142104
0.144538
0.147156
0.148979
0.151706
0.152883
0.154519
0.156408
0.15805
0.159599
0.161241
0.163256
0.164579
0.166687
0.167572
0.169251
0.170801
0.171844
0.173578
0.175248
0.177196
0.178385
0.18011
0.180987
0.18193
0.183021
0.184287
0.185622
0.186761
0.187645
0.188614
0.189783
0.191215
0.192794
0.193907
0.195001
0.1954
0.196578
0.197369
0.198627
0.199868
0.201099
0.202251
0.202998
0.203828
0.205194
0.206611
0.207846
0.208591
0.209936
0.211276
0.211781
0.21264
0.213745
0.215247
0.215789
0.216951
0.217846
0.218848
0.219736
0.22054
0.221512
0.222125
0.222829
0.223627
0.224435
0.225059
0.226216
