0.563636
0.561457
0.554217
0.544636
0.549665
0.544118
0.539531
0.534091
0.532754
0.526711
0.523849
0.527071
0.522381
0.52546
0.52461
0.527537
0.526792
0.528463
0.525259
0.526578
0.523412
0.522521
0.522566
0.524109
0.525069
0.524563
0.524837
0.52464
0.524193
0.526464
0.52685
0.526879
0.525592
0.524708
0.524786
0.525078
0.523985
0.525221
0.524864
0.524704
0.526184
0.52616
0.525433
0.525108
0.524378
0.52369
0.52303
0.522197
0.521589
0.52124
0.520655
0.520483
0.520742
0.521429
0.520798
0.521798
0.520912
0.520744
0.521174
0.520809
0.52068
0.520822
0.521253
0.52092
0.520993
0.520885
0.521218
0.521883
0.522425
0.522969
0.523441
0.523266
0.523859
0.52411
0.523786
0.523392
0.522987
0.522918
0.523056
0.523374
0.522899
0.52298
0.522729
0.522517
0.52256
0.522406
0.522609
0.522809
0.522776
