0.00200803
0.0295858
0.0403173
0.0454768
0.0551643
0.0614434
0.0693207
0.0791139
0.0851756
0.0918168
0.0968807
0.0984171
0.103907
0.108212
0.112849
0.117106
0.117851
0.119795
0.122359
0.123479
0.126378
0.12814
0.129878
0.132951
0.135114
0.136233
0.137213
0.139485
0.141635
0.143196
0.144914
0.146699
0.148244
0.149909
0.151488
0.154437
0.156456
0.15811
0.158969
0.160217
0.162626
0.163784
0.165249
0.167284
0.169852
0.171665
0.173196
0.175284
0.176633
0.177763
0.179126
0.180421
0.181468
0.182632
0.184775
0.185183
0.186411
0.187828
0.188887
0.190242
0.191311
0.192757
0.193577
0.195222
0.196472
0.197642
0.198747
0.200205
0.200792
0.201108
0.201605
0.20287
0.203592
0.204639
0.206176
0.206507
0.207465
0.208926
0.209926
0.210476
0.211399
0.212809
0.214029
0.215289
0.216349
0.217497
0.218129
0.218789
0.219259
0.220547
0.221121
0.222257
0.223189
0.223791
0.224325
0.225078
0.225988
0.226866
0.227702
0.228829
0.229719
0.23035
0.231019
0.23176
0.232244
0.232793
0.233641
0.234061
0.234476
0.235048
0.235713
0.236474
0.237007
0.237703
0.238516
0.238896
0.239884
0.240836
0.241526
0.242246
0.242574
0.243354
0.24382
0.244702
0.245496
0.245748
0.246375
0.246706
0.247384
0.247835
0.248122
0.248661
0.249284
0.250102
0.250942
0.251414
0.251963
0.252467
0.253273
0.254003
0.254738
0.255256
0.255498
0.256076
0.256624
0.25713
0.257621
0.258298
0.258926
0.259359
0.260134
0.261189
0.261814
0.262629
0.262993
0.263464
0.264015
0.264483
0.26516
0.265953
0.266287
0.266557
0.267218
0.267742
0.268021
0.268464
0.268828
0.269349
0.269621
0.270571
0.270921
0.271322
0.271775
0.27183
0.272239
0.272774
0.273156
0.273661
0.273888
0.274459
0.275055
0.27547
0.275832
0.276126
0.276446
0.276585
0.276908
0.277394
0.277964
0.278316
0.278791
0.279373
0.27973
0.279801
0.280313
0.280691
0.281382
0.281852
0.282413
