0.0438247
0.180527
0.221251
0.254731
0.270049
0.279412
0.284624
0.294964
0.305974
0.308667
0.310134
0.313119
0.317264
0.322586
0.325925
0.328605
0.33177
0.336191
0.339987
0.34294
0.344715
0.346124
0.347456
0.349038
0.351004
0.3516
0.351908
0.353381
0.354827
0.356246
0.35765
0.36024
0.36207
0.363454
0.365848
0.367538
0.368662
0.3705
0.370774
0.371991
0.373213
0.375304
0.375461
0.376087
0.376284
0.377474
0.378352
0.379847
0.38014
0.38145
0.38259
0.384279
0.384432
0.385598
0.386041
0.387028
0.388055
0.389352
0.390319
0.391533
0.392623
0.392915
0.393367
0.393968
0.395279
0.395693
0.396329
0.397196
0.398148
0.39893
0.399724
0.400981
0.401839
0.402322
0.402985
0.403638
0.404327
0.404786
0.405238
0.40615
0.406796
0.407627
0.408808
0.40972
0.409987
0.410211
0.41093
0.411611
0.411937
0.412607
0.4133
0.414328
0.414724
0.415023
0.41561
0.416021
0.416823
0.417537
0.417963
0.417765
0.418528
0.419056
0.419536
0.42051
0.420838
0.421111
0.422046
0.422804
0.423108
0.423036
0.423876
0.424329
0.424426
0.424969
0.425046
0.425463
0.425799
0.426045
0.426317
0.426613
0.42728
0.427142
0.426929
0.427147
0.427349
0.427976
0.428169
0.428333
0.428431
0.428546
0.428817
0.429262
0.429512
0.429314
0.429835
0.429981
0.430587
0.430753
0.430609
0.430698
0.431057
0.431565
0.431668
0.432304
0.432503
0.432607
0.432892
0.433215
0.433491
0.433541
0.433837
0.434054
0.434106
0.43423
0.434366
0.43458
0.434763
0.434867
0.435405
0.435568
0.435716
0.435756
0.435973
0.43617
0.436459
0.436407
0.436659
0.436789
0.437061
0.437291
0.437713
0.437863
0.438135
0.438515
0.438484
0.43874
0.439022
0.439081
0.439144
0.439253
0.439295
0.43952
0.439813
0.439969
0.439833
0.439965
0.440082
0.44052
0.440454
0.440618
0.440797
0.440907
0.441035
0.441172
0.441441
0.441609
0.441438
0.441139
0.440952
