0.515625
0.497623
0.479787
0.492406
0.498742
0.494528
0.485664
0.476464
0.478438
0.483074
0.479811
0.484034
0.487702
0.490697
0.494118
0.494501
0.496518
0.498234
0.498249
0.501217
0.501235
0.501043
0.503119
0.503299
0.50268
0.503799
0.504271
0.504385
0.504852
0.5057
0.504536
0.505057
0.505502
0.505126
0.50675
0.508497
0.508009
0.507108
0.507427
0.50849
0.50832
0.509749
0.510827
0.512048
0.512648
0.513702
0.513682
0.514239
0.515314
0.515386
0.515541
0.515362
0.515573
0.515407
0.515183
0.515455
0.514993
0.515109
0.515407
0.516024
0.515328
0.515483
0.515294
0.514867
0.514434
0.514356
0.51455
0.514772
0.515335
0.515209
0.515045
0.515576
0.5156
0.515549
0.515726
0.515622
0.515791
0.515989
0.516327
0.516009
0.516217
0.5163
0.516262
0.51673
0.516626
0.517422
0.517527
0.517437
0.517462
0.517181
0.517408
0.517578
0.51773
0.517259
0.516992
0.516959
0.517007
0.517004
0.516818
0.516844
0.516646
0.517045
0.516982
0.517122
0.516847
0.517095
0.517408
0.517372
0.517386
0.517353
0.517368
0.517282
0.517275
0.51718
0.51706
0.517151
0.516881
0.51662
0.516189
0.516328
0.516164
0.516439
0.516285
0.516396
0.516514
0.516572
0.516562
0.51677
0.516587
0.515972
0.516364
0.516558
0.516325
0.516299
0.516744
0.5169
0.516911
0.51682
0.516773
0.516786
0.516573
0.516798
0.516951
0.517151
0.517108
0.517095
0.516826
0.516795
0.516688
0.516786
0.516884
0.517016
0.517025
0.517065
0.517282
0.517511
0.517237
0.517155
0.516867
0.516748
0.516824
0.516996
0.516769
0.51687
0.516846
0.51706
0.516949
0.516771
0.51682
0.516701
0.516819
0.516855
0.516895
0.516829
0.516643
0.516519
0.516473
0.516416
0.516636
0.516253
0.516074
0.516221
0.516215
0.516049
0.516113
0.515879
0.516155
0.516002
0.515785
