0.0136187
0.197856
0.261356
0.299267
0.319434
0.333555
0.342548
0.354984
0.365663
0.375629
0.379785
0.384438
0.390709
0.394912
0.397686
0.399027
0.400572
0.403969
0.407732
0.411489
0.413625
0.416862
0.419035
0.422877
0.424832
0.428155
0.431044
0.432282
0.435637
0.437677
0.439936
0.442001
0.444012
0.444316
0.445549
0.44839
0.449505
0.450116
0.452313
0.452809
0.453274
0.454476
0.456269
0.456766
0.457419
0.458893
0.459854
0.460766
0.461042
0.461787
0.463144
0.463491
0.464924
0.465433
0.4666
0.467909
0.468345
0.469496
0.47018
0.470689
0.471409
0.47241
0.473608
0.474967
0.476166
0.476586
0.477388
0.478652
0.47891
0.479203
0.480178
0.481282
0.481659
0.48267
0.483236
0.484087
0.485236
0.486304
0.486812
0.487158
0.487078
0.487756
0.488493
0.488905
0.489876
0.490054
0.49088
0.491122
0.491152
0.491663
0.492143
0.492904
0.493815
0.493972
0.494361
0.494727
0.494824
0.495466
0.496371
0.496989
0.496959
0.497099
0.497195
0.497231
0.497789
0.498134
0.498566
0.498658
0.49917
0.499726
0.500129
0.500436
0.500764
0.501426
0.501777
0.502432
0.502598
0.503162
0.503439
0.503902
0.504405
0.504525
0.504993
0.505013
0.505437
0.505958
0.506321
0.506658
0.507024
0.507198
0.507545
0.508016
0.508315
0.508764
0.50912
0.509129
0.509519
0.509653
0.510022
0.510287
0.510372
0.510476
0.510917
0.511007
0.511303
0.511756
0.511987
0.512095
0.512357
0.51273
0.513001
0.513086
0.513459
0.513684
0.514013
0.514449
0.514544
0.514603
0.51482
0.514864
0.514974
0.515441
0.515746
0.515748
0.516101
0.51624
0.516338
0.516612
0.51704
0.51733
0.517564
0.517827
0.518095
0.517989
0.518383
0.518508
0.518717
0.518887
0.518916
0.519117
0.51956
0.519666
0.519755
0.519971
0.520167
0.520468
0.520825
0.521112
0.521282
0.521577
0.521713
0.521945
0.522419
0.52284
0.522895
0.523412
0.523635
0.523875
0.524213
