0.00205761
0.0626283
0.0965564
0.116624
0.131001
0.14764
0.16385
0.17338
0.184275
0.190665
0.197123
0.203866
0.208361
0.21285
0.220597
0.223186
0.226543
0.23058
0.233437
0.23905
0.242174
0.246354
0.250213
0.255376
0.258466
0.263102
0.265093
0.268553
0.271011
0.273466
0.276123
0.278955
0.281538
0.285275
0.288284
0.290716
0.29222
0.293921
0.296162
0.297247
0.297352
0.298761
0.301294
0.302732
0.304852
0.306895
0.308611
0.310425
0.311554
0.312862
0.314817
0.315897
0.317702
0.319094
0.31999
0.321776
0.323048
0.324326
0.325208
0.326309
0.327594
0.328638
0.329607
0.330753
0.331667
0.332428
0.333724
0.335208
0.336611
0.336994
0.338172
0.339141
0.34057
0.342251
0.343098
0.344116
0.345268
0.346115
0.347135
0.348392
0.349754
0.35057
0.350987
0.351989
0.352398
0.352657
0.35313
0.353141
0.354051
0.354614
0.355059
0.356085
0.356919
0.357646
0.35827
0.358416
0.358801
0.359726
0.360487
0.361298
0.361918
0.362844
0.363139
0.363984
0.364473
0.3652
0.365908
0.36614
0.366521
0.367258
0.367734
0.368247
0.368943
0.36928
0.369877
0.370303
0.370833
0.371654
0.371744
0.372266
0.372854
0.373593
0.374381
0.37507
0.375419
0.375914
0.376305
0.37651
0.377048
0.377649
0.377866
0.378451
0.37884
0.379355
0.379813
0.380418
0.380707
0.381228
0.381895
0.382343
0.382586
0.383027
0.383887
0.384441
0.384847
0.385224
0.385462
0.385744
0.386323
0.386748
0.387105
0.387763
0.388194
0.388556
0.388811
0.389169
0.389433
0.390074
0.390309
0.390742
0.39117
0.391867
0.392177
0.392658
0.39329
0.393684
0.394113
0.394414
0.394706
0.394832
0.395063
0.395281
0.39544
0.395975
0.396394
0.396778
0.397254
0.397511
0.397863
0.398118
0.39826
0.398782
0.399117
0.399347
0.399647
0.399987
0.400409
0.400736
0.401155
0.401432
0.401687
0.402164
0.402676
0.403042
0.403333
0.403701
0.404059
0.404019
0.404092
