0.527536
0.516467
0.527328
0.530628
0.534063
0.537917
0.522836
0.51673
0.518906
0.519394
0.515077
0.514444
0.513632
0.513589
0.514131
0.513311
0.515479
0.517687
0.518384
0.519095
0.521349
0.520924
0.520368
0.521685
0.520702
0.521464
0.520004
0.519898
0.518995
0.519446
0.518522
0.518062
0.518458
0.517008
0.517041
0.518174
0.517554
0.517485
0.518295
0.51738
0.516805
0.517411
0.517717
0.517633
0.517271
0.517672
0.516274
0.516061
0.51562
0.515963
0.516078
0.516434
0.516946
0.517333
0.516683
0.517173
0.517162
0.51758
0.517273
0.517391
0.517511
0.517166
0.516483
0.516807
0.516764
0.516076
0.516135
0.515841
0.516031
0.514993
0.5148
0.514349
0.514302
0.5144
0.514795
0.514547
0.514474
0.514193
0.514152
0.513651
0.513824
0.513613
0.513258
0.513144
0.51318
0.512555
0.512281
0.51273
0.51299
0.512477
0.512516
0.513117
0.51309
0.512903
0.513489
0.513843
0.514053
0.513837
0.513765
0.513695
0.513498
0.513269
0.513034
0.51274
0.512663
0.512402
0.512138
0.511783
0.51162
0.511631
0.511847
0.511811
0.512336
0.512404
0.512624
0.512401
0.512685
0.512878
0.512828
0.512871
0.513133
0.513482
0.513678
0.513783
0.513922
0.513873
0.514416
0.514301
0.51415
0.514492
0.51455
0.514742
0.515546
0.515386
0.5152
0.515304
0.515051
0.515096
0.51528
0.515203
0.515173
0.515424
0.51537
0.515359
0.515338
0.515435
0.515461
0.515682
0.51536
0.51522
0.514959
0.514804
0.514937
0.515216
0.51512
0.515593
0.515679
0.515691
0.515602
0.515711
0.515329
0.515413
0.515338
0.51536
0.515441
0.515483
0.515682
0.515362
0.515094
0.514881
0.514978
0.514832
0.514649
0.514553
0.514861
0.515198
0.514861
0.514848
0.514718
0.514841
0.514881
0.51478
0.514814
0.514653
0.514694
0.514809
0.514953
0.515224
0.515251
