0.212766
0.12369
0.108089
0.097137
0.0952381
0.0919267
0.0941756
0.0930292
0.0891849
0.0914077
0.0922608
0.0940186
0.0942213
0.0967019
0.0973384
0.0994355
0.0999035
0.101606
0.103829
0.105606
0.10765
0.10922
0.111016
0.113601
0.115181
0.117903
0.118994
0.1216
0.123107
0.125096
0.126757
0.128575
0.130401
0.131518
0.133018
0.132958
0.133975
0.135563
0.137767
0.13923
0.140836
0.142374
0.142982
0.144934
0.145673
0.147062
0.148014
0.149386
0.150616
0.152293
0.15335
0.154532
0.155323
0.156708
0.15796
0.159384
0.160222
0.161735
0.163433
0.164454
0.165585
0.16648
0.167482
0.168411
0.169911
0.170719
0.172251
0.17319
0.173639
0.174715
0.175483
0.176487
0.177269
0.177487
0.178971
0.17975
0.180756
0.181644
0.18245
0.182912
0.183742
0.184368
0.185176
0.185941
0.186156
0.187282
0.18775
0.189062
0.190038
0.190835
0.191286
0.192688
0.193572
0.194576
0.195465
0.196228
0.19712
0.197868
0.198912
