0.128302
0.0669216
0.0498084
0.0440313
0.0386115
0.0383355
0.0360665
0.0382244
0.0382848
0.0374237
0.0388457
0.0386423
0.0389099
0.0398506
0.0404787
0.0417902
0.0425878
0.0440016
0.044414
0.0455412
0.0471504
0.0481861
0.0490739
0.0503605
0.0509218
0.0515494
0.0533795
0.0554801
0.0566104
0.0574114
0.0592242
0.0603929
0.0623768
0.0633436
0.0645692
0.0649796
0.0658785
0.0673064
0.0693446
0.0701824
0.0713776
0.0728783
0.0738901
0.0743268
0.0752405
0.0759902
0.0773389
0.0775356
0.0788803
0.079258
0.0799851
0.0808377
0.0818238
0.0827433
0.0837397
0.0851199
0.0861007
0.0875864
0.0889996
0.0895447
0.0904121
0.0906664
0.0913278
0.092107
0.0932106
0.0934135
0.0942574
0.0954545
0.096386
0.0975775
0.0983529
0.0993647
0.10047
0.100954
0.101627
0.102207
0.102837
0.103643
0.104851
0.105429
0.10599
0.106994
0.108074
0.1089
0.109373
0.110219
0.110881
0.111874
0.112088
0.112527
0.113375
0.114248
0.114975
0.115655
0.116669
0.117675
0.118315
0.119026
0.119569
