0.525862
0.509687
0.517857
0.515038
0.510266
0.511454
0.514346
0.513271
0.517184
0.519747
0.515716
0.517259
0.519267
0.519861
0.520623
0.522044
0.523283
0.523552
0.523612
0.524545
0.523782
0.524698
0.524689
0.523875
0.523884
0.52283
0.523394
0.523265
0.523526
0.523838
0.525396
0.525778
0.524679
0.524302
0.524037
0.524907
0.524333
0.524669
0.524843
0.524333
0.523929
0.523475
0.523786
0.522679
0.522439
0.521905
0.521377
0.522263
0.522171
0.52306
0.524432
0.524864
0.524911
0.525123
0.52522
0.52571
0.525066
0.525162
0.525392
0.525298
0.525526
0.526053
0.525791
0.525864
0.525989
0.525277
0.524892
0.52524
0.525517
0.525964
0.525753
0.526899
0.527477
0.527653
0.527979
0.527608
0.527537
0.527159
0.527032
0.527023
0.526847
0.52644
0.526617
0.526905
0.527453
0.527179
0.52733
0.527053
0.527289
