0.119843
0.113226
0.135786
0.152348
0.151732
0.151333
0.161105
0.168979
0.169701
0.176957
0.180393
0.180543
0.183082
0.185467
0.186729
0.187035
0.191983
0.194096
0.195549
0.195715
0.19701
0.197437
0.196436
0.197828
0.199041
0.200774
0.202344
0.203153
0.204147
0.20652
0.207666
0.209606
0.21196
0.213811
0.215136
0.21581
0.217942
0.219006
0.219217
0.219445
0.220755
0.222258
0.222271
0.223833
0.225271
0.226098
0.226751
0.228062
0.228521
0.228938
0.229051
0.229304
0.230116
0.230315
0.23075
0.23142
0.232073
0.232831
0.232557
0.23323
0.233546
0.234162
0.234741
0.235932
0.235723
0.235503
0.236202
0.235763
0.236358
0.236925
0.237415
0.237555
0.237483
0.238446
0.23902
0.239084
0.2395
0.239467
0.239946
0.240116
0.240664
0.241067
0.241353
0.24189
0.242611
0.243292
0.243843
0.244645
0.245308
0.245575
0.245609
0.245288
0.245824
0.246004
0.246786
0.246928
0.246517
0.247041
0.247754
0.248098
0.248314
0.248687
0.248922
0.248953
0.2494
0.249757
0.250295
0.250352
0.250789
0.250907
0.251306
0.251616
0.252054
0.252175
0.252519
0.253094
0.253448
0.253363
0.253637
0.253532
0.253559
0.253749
0.253984
0.254554
0.25462
0.254768
0.25501
0.255412
0.255857
0.255962
0.255966
0.256291
0.256512
0.25649
0.256369
0.256493
0.256861
0.256976
0.256929
0.257399
0.257851
0.257867
0.257893
0.258262
0.258598
0.259045
0.258916
0.259235
0.259478
0.259438
0.259826
0.259992
0.260105
0.260285
0.260651
0.260763
0.260728
0.261197
0.261277
0.261411
0.261758
0.262262
0.262595
0.262524
0.262399
0.262425
0.262293
0.262412
0.26238
0.262589
0.262869
0.26282
0.262742
0.262683
0.262826
0.262874
0.262977
0.263366
0.263503
0.263435
0.263711
0.263725
0.263946
0.264116
0.264136
0.264149
0.26433
0.264571
0.264666
0.264719
0.26483
0.264947
0.265086
0.26493
0.265154
0.26529
0.265404
0.265503
0.265749
