0.0264766
0.0409182
0.0538206
0.0655656
0.0683005
0.0626667
0.0706583
0.0758364
0.0742694
0.0781126
0.0800672
0.0824543
0.0846052
0.0860604
0.087588
0.087459
0.0886491
0.0881356
0.0878943
0.0896543
0.0903831
0.091831
0.0922169
0.0925005
0.0944779
0.0977881
0.0973576
0.100336
0.100766
0.102158
0.1025
0.103498
0.104892
0.10637
0.107714
0.109666
0.112142
0.112637
0.112225
0.112466
0.113611
0.114633
0.11511
0.116176
0.117477
0.117755
0.118623
0.118621
0.118736
0.118615
0.118832
0.119495
0.119208
0.118635
0.119353
0.11988
0.119653
0.11981
0.12054
0.119911
0.12077
0.121584
0.122042
0.123333
0.123276
0.124129
0.124458
0.124789
0.124579
0.12499
0.125331
0.125581
0.12513
0.126125
0.126651
0.12654
0.126991
0.126347
0.127081
0.127184
0.127702
0.128502
0.128144
0.128658
0.128424
0.12863
0.128777
0.12904
0.128824
0.128893
0.128626
0.128266
0.12879
0.129113
0.130103
0.130481
0.130099
0.129833
0.130288
0.130184
0.130195
0.129682
0.129438
0.129379
0.130275
0.130054
0.131208
0.130839
0.131075
0.131257
0.131433
0.13135
0.131346
0.131812
0.131947
0.131785
0.131654
0.131396
0.131765
0.131739
0.1316
0.131954
0.132025
0.13228
0.132642
0.132435
0.132231
0.132515
0.132859
0.133017
0.133339
0.133263
0.133092
0.132973
0.133127
0.133262
0.133545
0.13388
0.13359
0.133709
0.134325
0.134108
0.134309
0.134266
0.134297
0.134824
0.134678
0.135504
0.13575
0.13582
0.135903
0.135935
0.13624
0.135846
0.13574
0.136198
0.136104
0.136494
0.13638
0.136691
0.137288
0.137661
0.137878
0.137904
0.138015
0.138223
0.13843
0.1382
0.138245
0.13868
0.138766
0.138839
0.138823
0.139264
0.139398
0.139334
0.139233
0.139201
0.139127
0.139261
0.139541
0.139327
0.139311
0.139483
0.139379
0.139513
0.139414
0.139187
0.139268
0.13926
0.139561
0.139993
0.140168
0.140071
0.140289
0.140702
0.140405
0.140268
0.140519
