0.318966
0.290133
0.302395
0.300522
0.30209
0.302546
0.30661
0.304039
0.301241
0.298733
0.293941
0.294769
0.291213
0.28935
0.288951
0.292227
0.293307
0.293766
0.29225
0.293011
0.290992
0.290882
0.290696
0.290452
0.291657
0.290917
0.29107
0.290098
0.287513
0.287153
0.288857
0.287821
0.288486
0.289821
0.290259
0.290274
0.289608
0.288912
0.287678
0.286357
0.286446
0.286623
0.286422
0.285909
0.286218
0.286876
0.28687
0.287051
0.287913
0.287314
0.288133
0.289048
0.289886
0.291438
0.291492
0.291936
0.292343
0.292145
0.29323
0.294091
0.29421
0.293439
0.292615
0.292722
0.292846
0.292389
0.292658
0.291971
0.292357
0.291554
0.29225
0.292996
0.292504
0.292991
0.293438
0.293374
0.293078
0.293441
0.292877
0.292914
0.292696
0.291764
0.292693
0.292867
0.293439
0.293603
0.293331
0.293353
0.293639
0.294028
0.294069
0.294372
0.29464
0.294974
0.295353
0.295708
0.296263
0.295667
0.295897
0.295488
0.295585
0.29584
0.295742
0.295578
0.295543
0.294914
0.294587
0.294567
0.294673
0.294709
0.294675
0.29523
0.294975
0.294904
0.295208
0.295229
0.29504
0.295082
0.295085
0.294972
0.295245
0.295177
0.295022
0.294915
0.294887
0.294661
0.295105
0.294796
0.294614
0.294567
0.29497
0.294947
0.294699
0.294912
0.29514
0.295502
0.29549
0.295579
0.29561
0.295585
0.295361
0.295215
0.294927
0.294685
0.29445
0.294295
0.293776
0.293664
0.293203
0.293211
0.293668
0.294113
0.294279
0.294137
0.294252
0.294164
0.294318
0.294354
0.294413
0.294394
0.294213
0.293577
0.293092
0.293049
0.292658
0.292114
0.291836
0.2915
0.291253
0.290802
0.290774
0.290528
0.290286
0.290304
0.29023
0.290438
0.290378
0.290303
0.290213
0.290157
0.290339
0.290281
0.290347
0.290316
0.290175
0.290207
0.290103
0.289962
0.289948
