0.164683
0.10574
0.0812626
0.0767302
0.0820064
0.0831135
0.0837578
0.0863095
0.089786
0.093719
0.0959032
0.0982315
0.0998185
0.102372
0.102728
0.105643
0.107008
0.109218
0.109943
0.111349
0.112257
0.113453
0.115323
0.117168
0.11838
0.120751
0.121447
0.123066
0.125329
0.127384
0.128188
0.129089
0.130843
0.132632
0.134249
0.136771
0.136917
0.138279
0.139049
0.140431
0.141913
0.142649
0.143753
0.145092
0.146139
0.147457
0.148775
0.15072
0.15053
0.151574
0.152855
0.153955
0.155549
0.156797
0.15734
0.158668
0.159478
0.160104
0.161832
0.16358
0.164948
0.165932
0.166755
0.16778
0.168783
0.169449
0.170103
0.171115
0.172188
0.172525
0.173623
0.174803
0.176136
0.176934
0.177526
0.178096
0.178946
0.179825
0.18069
0.181167
0.181891
0.182582
0.18308
0.183606
0.184544
0.185058
0.186109
0.186909
0.187218
0.188031
0.18881
0.189554
0.189941
0.190567
0.191241
0.191989
0.192715
0.19317
0.194226
