0.104839
0.0585899
0.0436797
0.0403789
0.0430064
0.0444744
0.0435661
0.046875
0.0479069
0.0480517
0.0498099
0.0513461
0.053403
0.0529355
0.0541819
0.0550952
0.0575589
0.0595096
0.0606984
0.0616397
0.0621053
0.0637939
0.0654601
0.0668893
0.0667204
0.0683611
0.0700463
0.0698949
0.0705715
0.0716815
0.0725136
0.0739681
0.076048
0.0782474
0.0794251
0.0813447
0.082347
0.0834157
0.0846827
0.0859707
0.0870857
0.0873918
0.0885124
0.0900433
0.091124
0.0922365
0.0944396
0.0954096
0.0964518
0.0986156
0.0995671
0.10085
0.101774
0.10319
0.104104
0.104444
0.105358
0.106299
0.107645
0.109023
0.11009
0.111246
0.112456
0.113021
0.114481
0.115419
0.116497
0.117256
0.11803
0.118765
0.119786
0.120422
0.121528
0.122424
0.12324
0.124114
0.124835
0.125772
0.12694
0.127536
0.128187
0.12883
0.129798
0.131213
0.131908
0.132841
0.133531
0.134231
0.134761
0.135555
0.136133
0.136912
0.137791
0.138328
0.138955
0.139911
0.141001
0.141779
0.142463
