0.472973
0.504412
0.504487
0.511046
0.508226
0.503415
0.505485
0.50203
0.5051
0.508124
0.510215
0.512713
0.517572
0.51899
0.519897
0.519454
0.517436
0.517322
0.515972
0.518946
0.518904
0.520462
0.521546
0.521788
0.520891
0.520778
0.521213
0.521373
0.521426
0.52035
0.519923
0.518905
0.51909
0.518116
0.51728
0.516696
0.51686
0.516236
0.517442
0.517218
0.517661
0.517452
0.517012
0.51716
0.516964
0.51719
0.517276
0.516355
0.517229
0.51668
0.516842
0.516959
0.516206
0.517027
0.517343
0.516675
0.516989
0.516967
0.516963
0.516229
0.517462
0.51748
0.517508
0.518157
0.518642
0.518952
0.519747
0.519873
0.51997
0.520901
0.52168
0.522498
0.523192
0.523326
0.523378
0.523646
0.523495
0.523877
0.52413
0.524106
0.523601
0.523837
0.523483
0.522826
0.523002
0.522552
0.522402
0.522604
0.522298
