0.618395
0.424644
0.384303
0.360647
0.368803
0.369863
0.376646
0.37943
0.384104
0.384091
0.384601
0.389362
0.392619
0.394716
0.397838
0.400143
0.404325
0.407597
0.411404
0.412876
0.415024
0.415021
0.417331
0.419214
0.421206
0.422246
0.425277
0.427154
0.427841
0.430112
0.431343
0.432911
0.433921
0.436812
0.438616
0.440187
0.441784
0.443629
0.442801
0.445651
0.446885
0.447572
0.448515
0.448553
0.449796
0.450897
0.451108
0.451631
0.452223
0.452634
0.453303
0.45534
0.45611
0.457051
0.456746
0.457606
0.459389
0.459444
0.460778
0.461638
0.462364
0.462648
0.463093
0.464207
0.46485
0.466369
0.466608
0.467115
0.467339
0.467245
0.468036
0.468969
0.469917
0.470479
0.471161
0.471013
0.472141
0.472478
0.472844
0.473176
0.474322
0.474738
0.474981
0.475924
0.476143
0.476569
0.477167
0.477889
0.477889
0.478312
0.478892
0.479298
0.479708
0.479811
0.479908
0.480501
0.480945
0.481619
0.4828
