0.253579
0.19057
0.191196
0.188828
0.193728
0.196209
0.205647
0.213619
0.222842
0.225993
0.233552
0.238087
0.239987
0.243145
0.248503
0.250711
0.253335
0.256327
0.2589
0.26207
0.265395
0.268163
0.270037
0.272335
0.273162
0.276181
0.278692
0.281828
0.284049
0.28722
0.289134
0.291467
0.293978
0.295434
0.297267
0.29832
0.300609
0.301565
0.301857
0.302279
0.303532
0.305753
0.307543
0.309165
0.310199
0.311451
0.312576
0.314226
0.315751
0.317139
0.318679
0.320263
0.320906
0.321591
0.323454
0.324136
0.325018
0.325448
0.327427
0.328612
0.329618
0.330333
0.331071
0.332065
0.332557
0.333333
0.334662
0.335748
0.336193
0.336654
0.33857
0.339337
0.340369
0.341963
0.343215
0.344094
0.344383
0.345269
0.345643
0.346961
0.347861
0.348552
0.349451
0.349937
0.35093
0.351971
0.352833
0.353417
0.354152
0.355207
0.35637
0.356936
0.358237
0.35884
0.359554
0.360436
0.361029
0.361639
0.36211
