0.478754
0.48737
0.505528
0.492873
0.506932
0.504496
0.51448
0.512783
0.512056
0.518061
0.516621
0.516517
0.515138
0.510121
0.509233
0.509135
0.50923
0.507513
0.509708
0.510376
0.509429
0.511093
0.510732
0.50868
0.506702
0.504315
0.503428
0.500906
0.50031
0.501595
0.501736
0.501588
0.501176
0.500439
0.499787
0.500538
0.500443
0.4991
0.498742
0.498138
0.498113
0.498195
0.497128
0.497867
0.496157
0.49663
0.497302
0.496772
0.497567
0.49765
0.496905
0.496878
0.496908
0.497021
0.496747
0.497444
0.498482
0.499306
0.499672
0.499876
0.499829
0.50012
0.499811
0.499977
0.499771
0.500225
0.500244
0.500066
0.500302
0.49983
0.500628
0.500599
0.501241
0.500983
0.501087
0.501249
0.50131
0.501751
0.501561
0.502025
0.502459
0.502447
0.502471
0.502935
0.503428
0.503198
0.503351
0.503381
0.50383
