0.0104384
0.0214944
0.03206
0.0466531
0.0585149
0.0621014
0.0708321
0.0795283
0.089715
0.0959372
0.0987747
0.102041
0.105395
0.109665
0.114424
0.117588
0.122228
0.127075
0.129008
0.130356
0.135088
0.138849
0.140955
0.144061
0.147477
0.151134
0.152577
0.156078
0.158773
0.161326
0.163003
0.164239
0.166377
0.169432
0.171272
0.17341
0.175367
0.176913
0.178588
0.180543
0.182232
0.183677
0.185652
0.186839
0.188786
0.190658
0.191853
0.192999
0.194406
0.195957
0.196743
0.198568
0.200124
0.20116
0.202321
0.202955
0.204465
0.206378
0.20756
0.208545
0.209993
0.211187
0.213153
0.214662
0.2157
0.216618
0.217825
0.219268
0.220506
0.220973
0.22199
0.223205
0.224814
0.22659
0.227373
0.228306
0.229479
0.230669
0.231891
0.232965
0.234033
0.235097
0.236002
0.237066
0.23799
0.238659
0.239902
0.240748
0.24176
0.242441
0.242875
0.244073
0.244935
0.245926
0.246478
0.247628
0.248771
0.24957
0.250404
0.251578
0.252462
0.25351
0.254122
0.254382
0.25475
0.255005
0.255737
0.256844
0.257784
0.258611
0.259423
0.260171
0.260814
0.261398
0.261933
0.262458
0.263416
0.263808
0.264269
0.265251
0.265711
0.266338
0.26733
0.268434
0.269106
0.269719
0.270048
0.270439
0.271048
0.271496
0.272109
0.272644
0.273519
0.274126
0.274629
0.275094
0.276171
0.276512
0.276666
0.277155
0.277877
0.278486
0.279325
0.279744
0.280254
0.280894
0.281534
0.282249
0.282943
0.283556
0.284279
0.284915
0.285371
0.285806
0.28669
0.287721
0.288504
0.288994
0.289615
0.290074
0.290823
0.291303
0.291815
0.292364
0.292938
0.293375
0.293921
0.294234
0.294626
0.295053
0.29544
0.295761
0.296197
0.296799
0.297279
0.297947
0.298504
0.29903
0.299397
0.299745
0.300426
0.300721
0.301405
0.302025
0.302427
0.303138
0.303484
0.303661
0.304273
0.304687
0.305153
0.305544
0.306219
0.306472
0.306907
0.307659
0.308321
0.308781
0.309228
