0.0460653
0.0899316
0.101695
0.122288
0.137589
0.151605
0.162177
0.170653
0.17835
0.18576
0.189613
0.192625
0.19658
0.199465
0.20286
0.206523
0.208356
0.211904
0.214723
0.217881
0.219841
0.222543
0.225174
0.227245
0.231407
0.235152
0.237895
0.240218
0.243694
0.245296
0.247998
0.251297
0.253092
0.254571
0.255892
0.257862
0.259964
0.262424
0.263797
0.265201
0.266811
0.267359
0.269697
0.271363
0.273018
0.274101
0.275846
0.276601
0.278201
0.279653
0.280647
0.281263
0.283281
0.284376
0.286168
0.287695
0.289263
0.290725
0.292096
0.292298
0.293361
0.295024
0.296646
0.297717
0.299004
0.300773
0.301797
0.303024
0.304874
0.305834
0.30625
0.306916
0.308233
0.309393
0.31065
0.311395
0.311556
0.312138
0.312755
0.313077
0.314099
0.315557
0.31726
0.318073
0.318755
0.320139
0.321122
0.321744
0.323251
0.324072
0.325135
0.325693
0.326712
0.327632
0.328532
0.329485
0.329737
0.330416
0.331527
0.332252
0.333646
0.334592
0.334999
0.335812
0.336738
0.337322
0.338146
0.338335
0.338599
0.339077
0.340092
0.340739
0.341221
0.341792
0.342195
0.342957
0.343558
0.344363
0.344708
0.345585
0.346156
0.347007
0.347597
0.348201
0.348953
0.349556
0.350122
0.35079
0.351366
0.35202
0.352967
0.35364
0.354179
0.35469
0.355638
0.355925
0.356218
0.35681
0.357304
0.358054
0.35884
0.35968
0.360263
0.360924
0.36161
0.362245
0.362901
0.363468
0.364123
0.364643
0.36505
0.36539
0.365714
0.366321
0.366702
0.367261
0.367634
0.368186
0.368679
0.369199
0.369785
0.369963
0.370671
0.37079
0.371096
0.371383
0.371712
0.372152
0.372796
0.373433
0.373795
0.374096
0.374549
0.375
0.375461
0.375783
0.376153
0.376501
0.37682
0.377277
0.377709
0.378262
0.378823
0.379601
0.380025
0.38047
0.380872
0.381064
0.381207
0.38163
0.382032
0.382428
0.382736
0.382974
0.383425
0.383785
0.384074
0.38442
0.384737
