0.54386
0.522388
0.526264
0.521901
0.519952
0.523786
0.518329
0.522634
0.523383
0.523008
0.521585
0.521542
0.525356
0.527609
0.527564
0.529882
0.530211
0.529184
0.529374
0.531764
0.533276
0.533543
0.534277
0.532655
0.533084
0.533843
0.534011
0.535403
0.5341
0.534114
0.532217
0.531988
0.530749
0.530718
0.531077
0.531006
0.53154
0.529781
0.529102
0.527103
0.526957
0.526465
0.526017
0.526604
0.526319
0.526839
0.52746
0.526348
0.526427
0.525796
0.525868
0.525657
0.526295
0.526638
0.526293
0.52605
0.525046
0.524688
0.523793
0.52249
0.520991
0.520898
0.519856
0.519311
0.518551
0.518621
0.518664
0.518838
0.519207
0.519599
0.520054
0.520176
0.520227
0.519319
0.51953
0.520024
0.519941
0.520084
0.520261
0.520361
0.520231
0.52055
0.520646
0.520962
0.520474
0.520313
0.520329
0.520742
0.520845
0.520703
0.520777
0.520903
0.520695
0.520803
0.520991
0.521148
0.520778
0.520957
0.520715
0.520566
0.520622
0.521042
0.520968
0.521153
0.52116
0.521273
0.521308
0.521453
0.521462
0.521401
0.521482
0.521461
0.521331
0.520951
0.520673
0.52064
0.520601
0.520577
0.520739
0.520522
0.520495
0.520817
0.520514
0.52067
0.520529
0.520456
0.520511
0.520971
0.520845
0.520822
0.520725
0.520654
0.520612
0.520606
0.520401
0.520565
0.52045
0.520403
0.520504
0.520336
0.520233
0.520038
0.519922
0.520097
0.519906
0.519682
0.519671
0.519734
0.51986
0.519647
0.5196
0.519277
0.51972
0.519898
0.519946
0.520045
0.520169
0.520306
0.52026
0.520213
0.520354
0.520354
0.520024
0.520041
0.520147
0.520024
0.520092
0.520125
0.519589
0.519362
0.519425
0.519512
0.519354
0.519334
0.519374
0.519336
0.51936
0.519626
0.519556
0.519618
0.519752
0.51972
0.519617
0.519724
0.519815
0.519731
0.519471
0.519375
0.519297
