0.256785
0.292201
0.298269
0.310035
0.316946
0.329674
0.345034
0.362013
0.372062
0.379077
0.382025
0.384669
0.389458
0.393481
0.396863
0.401765
0.406012
0.411566
0.413219
0.417024
0.420654
0.422907
0.424558
0.427884
0.430028
0.432482
0.435254
0.437764
0.440489
0.442145
0.443025
0.445275
0.447663
0.449714
0.451598
0.452108
0.453203
0.454047
0.455088
0.455975
0.45658
0.457901
0.459034
0.460443
0.461722
0.46369
0.465136
0.466299
0.46728
0.469433
0.470591
0.4719
0.47363
0.473814
0.474308
0.475021
0.475359
0.476276
0.476618
0.47781
0.478224
0.47927
0.480051
0.480342
0.481163
0.481523
0.482329
0.483771
0.485018
0.485
0.485704
0.486506
0.487549
0.488144
0.489297
0.489537
0.49063
0.491409
0.491872
0.492543
0.49336
0.493624
0.494069
0.494919
0.495503
0.495702
0.496751
0.497763
0.498531
0.498702
0.499366
0.499923
0.500516
0.501157
0.501756
0.502107
0.502466
0.502762
0.50342
