0.143954
0.163121
0.182243
0.204807
0.219776
0.237475
0.249428
0.25813
0.262874
0.27494
0.276343
0.282142
0.288229
0.296925
0.301597
0.305349
0.310354
0.314563
0.317434
0.320265
0.324569
0.32667
0.330787
0.333299
0.335113
0.338824
0.341087
0.34381
0.346881
0.348797
0.351283
0.352639
0.354726
0.357904
0.359701
0.361129
0.363597
0.364916
0.366152
0.367346
0.368658
0.37056
0.372647
0.373015
0.374962
0.377411
0.378975
0.380606
0.38202
0.383099
0.385762
0.387254
0.38877
0.390026
0.391129
0.391818
0.392404
0.393499
0.39481
0.395643
0.39682
0.398123
0.39946
0.399773
0.400731
0.401256
0.401758
0.40296
0.403735
0.405123
0.406107
0.406502
0.407176
0.408081
0.408658
0.409017
0.40932
0.409985
0.411162
0.411994
0.412623
0.41379
0.41434
0.415243
0.415731
0.416672
0.417892
0.417906
0.418407
0.419338
0.420084
0.420314
0.420641
0.420932
0.421326
0.42201
0.42216
0.422155
0.422758
