0.482866
0.501515
0.510163
0.520507
0.517696
0.518649
0.51519
0.512821
0.51374
0.512041
0.512322
0.514028
0.518579
0.516584
0.518317
0.515117
0.513235
0.514765
0.517621
0.520635
0.51981
0.521196
0.521278
0.519653
0.519471
0.520194
0.520504
0.522332
0.522756
0.522704
0.522304
0.52205
0.522061
0.522879
0.523115
0.524757
0.524387
0.525204
0.526373
0.52659
0.526958
0.526739
0.526798
0.526179
0.526686
0.526043
0.526606
0.527324
0.527405
0.527701
0.52764
0.527481
0.527184
0.527558
0.52765
0.528156
0.527921
0.527768
0.52843
0.52878
0.528761
0.529455
0.529811
0.529381
0.528877
0.529304
0.529966
0.530192
0.530017
0.529928
0.529579
0.529894
0.529813
0.529948
0.529959
0.530085
0.530186
0.529909
0.530172
0.530534
0.530324
0.53086
0.530455
0.530377
0.53053
0.53033
0.529727
0.529786
0.52939
