0.134357
0.106134
0.0997358
0.0992556
0.104777
0.10863
0.11763
0.12359
0.127208
0.13082
0.135221
0.138776
0.141266
0.145171
0.148965
0.152276
0.156001
0.158549
0.160272
0.163866
0.167949
0.171571
0.17319
0.175518
0.177057
0.178651
0.182465
0.183852
0.185644
0.188535
0.190301
0.192317
0.19516
0.196613
0.198467
0.199883
0.202475
0.204025
0.205377
0.207012
0.208917
0.210247
0.21207
0.214057
0.215871
0.217659
0.219995
0.221369
0.223116
0.225923
0.227082
0.228662
0.229735
0.230557
0.232133
0.234597
0.235849
0.237398
0.238277
0.239356
0.240719
0.24221
0.243302
0.244732
0.246683
0.247814
0.249058
0.250216
0.251607
0.253099
0.254644
0.255689
0.25667
0.258212
0.259325
0.260762
0.260929
0.261822
0.263314
0.263904
0.264532
0.265228
0.266375
0.267295
0.267969
0.268604
0.269598
0.270362
0.271521
0.272069
0.272878
0.27394
0.274509
0.275704
0.276843
0.277471
0.2784
0.279387
0.279971
