0.578288
0.346351
0.295424
0.274559
0.267437
0.268089
0.271424
0.273747
0.2759
0.279024
0.282762
0.287645
0.29028
0.295404
0.297621
0.30137
0.304685
0.306597
0.310112
0.312477
0.316529
0.319435
0.323044
0.326396
0.328193
0.331572
0.335009
0.337664
0.340682
0.343156
0.34544
0.348036
0.351174
0.352973
0.354484
0.356319
0.359788
0.361313
0.363151
0.365345
0.366777
0.368661
0.370086
0.371135
0.37305
0.374366
0.376159
0.377619
0.379559
0.380757
0.382039
0.383099
0.384311
0.385723
0.38672
0.38783
0.38879
0.389123
0.3902
0.391211
0.392274
0.393588
0.395445
0.396605
0.398425
0.399244
0.39937
0.400008
0.4005
0.401306
0.402292
0.403539
0.404001
0.404583
0.404961
0.40598
0.406589
0.407299
0.407873
0.408346
0.408757
0.409945
0.41067
0.411291
0.412177
0.413115
0.413766
0.414398
0.415296
0.415817
0.41682
0.417272
0.417588
0.41821
0.419056
0.419775
0.42076
0.421416
0.422245
