0.47973
0.508716
0.522051
0.529503
0.52182
0.52295
0.521835
0.52
0.512419
0.511578
0.511228
0.508825
0.510599
0.51142
0.511477
0.513581
0.516117
0.515464
0.517897
0.514381
0.513036
0.512199
0.512412
0.512421
0.511295
0.510611
0.512201
0.511515
0.512628
0.513323
0.513003
0.511735
0.510502
0.51032
0.51196
0.512154
0.513529
0.513756
0.51502
0.514208
0.514076
0.513351
0.513693
0.51191
0.511603
0.512777
0.513258
0.514139
0.514069
0.513671
0.514202
0.514332
0.514127
0.514467
0.514353
0.514046
0.513786
0.513166
0.513281
0.513336
0.514156
0.514319
0.514314
0.514662
0.515017
0.514335
0.514436
0.514625
0.514514
0.514779
0.514404
0.514557
0.515059
0.515201
0.514616
0.515611
0.515402
0.515745
0.515447
0.515548
0.515417
0.515465
0.516103
0.516888
0.516778
0.516861
0.517076
0.516994
0.517355
