0.0302419
0.029
0.0306055
0.0336514
0.037827
0.0430862
0.0452972
0.0498622
0.052655
0.0552653
0.0580694
0.0601132
0.0628229
0.06421
0.0660647
0.0676335
0.0690789
0.0716059
0.0725453
0.0743454
0.0758573
0.0779842
0.0782105
0.0792582
0.0809457
0.0816366
0.0830437
0.0849125
0.0863608
0.088
0.0901859
0.0925053
0.0935746
0.0959717
0.0962274
0.0975449
0.0988666
0.100431
0.101497
0.10189
0.102526
0.103642
0.104625
0.106079
0.107743
0.108472
0.109042
0.11052
0.111871
0.11316
0.114059
0.114627
0.116387
0.116881
0.117938
0.118944
0.120134
0.120692
0.121364
0.122577
0.123092
0.12392
0.124542
0.125054
0.126012
0.126763
0.1278
0.128787
0.12993
0.130254
0.131475
0.132488
0.133205
0.133755
0.13495
0.136002
0.136729
0.13741
0.138624
0.139616
0.140712
0.141328
0.141967
0.14279
0.143619
0.144415
0.145068
0.145808
0.146377
0.146973
0.147498
0.14858
0.149495
0.150218
0.150952
0.151695
0.152652
0.153477
0.15452
0.155408
0.15606
0.156473
0.157358
0.157921
0.158461
0.159535
0.160383
0.160718
0.16144
0.162066
0.162862
0.163419
0.164274
0.16505
0.165809
0.166415
0.167166
0.167861
0.168863
0.169342
0.169774
0.170123
0.170351
0.170554
0.171001
0.171417
0.171909
0.172362
0.173137
0.173673
0.17411
0.174799
0.17564
0.176023
0.176546
0.176736
0.177709
0.178246
0.178669
0.179244
0.179477
0.179799
0.179987
0.180603
0.181095
0.181686
0.18234
0.182622
0.183136
0.183566
0.184255
0.184851
0.185258
0.185579
0.185894
0.186291
0.186608
0.187054
0.187287
0.187811
0.18834
0.189019
0.189374
0.189707
0.189983
0.190465
0.191131
0.19174
0.191965
0.19223
0.192628
0.193043
0.193375
0.19378
0.19432
0.194652
0.19504
0.195409
0.195786
0.196147
0.196499
0.196897
0.19752
0.197935
0.19841
0.198716
0.199145
0.199366
0.199793
0.200381
0.200584
0.200967
0.201429
0.202
0.202573
0.202891
0.203398
0.203713
0.204378
