0.380952
0.212
0.169005
0.154803
0.152286
0.155689
0.163271
0.162884
0.16537
0.17078
0.172517
0.17511
0.177601
0.181747
0.185932
0.190354
0.194683
0.198824
0.202605
0.206797
0.211845
0.215658
0.21878
0.222566
0.224846
0.225744
0.228395
0.231126
0.233181
0.235857
0.238732
0.240712
0.243591
0.247005
0.249381
0.251006
0.253231
0.255426
0.255925
0.257927
0.259172
0.260444
0.262506
0.264936
0.267231
0.268336
0.27015
0.271928
0.272348
0.273859
0.275104
0.276488
0.277953
0.278749
0.279399
0.280696
0.281798
0.283755
0.284991
0.285576
0.286857
0.287447
0.288568
0.290041
0.290689
0.292157
0.293452
0.29528
0.296355
0.297428
0.299141
0.300638
0.301956
0.303435
0.30441
0.305333
0.30597
0.30617
0.306918
0.307882
0.30846
0.309302
0.310067
0.310917
0.311175
0.311888
0.313227
0.31388
0.314678
0.31545
0.31597
0.316539
0.317072
0.318341
0.318332
0.319145
0.319764
0.320533
0.321112
0.321622
0.322303
0.322611
0.323267
0.323725
0.324315
0.324691
0.325771
0.326557
0.327406
0.328245
0.329377
0.330146
0.330428
0.33093
0.331166
0.331291
0.331896
0.332175
0.333028
0.333604
0.334314
0.334935
0.335164
0.335181
0.33548
0.335831
0.336409
0.336789
0.337315
0.337603
0.33783
0.338482
0.338918
0.339499
0.340132
0.340141
0.3408
0.341274
0.341736
0.342321
0.342851
0.343412
0.343848
0.344262
0.344706
0.345294
0.34596
0.346478
0.347027
0.34737
0.347645
0.347909
0.348237
0.348628
0.349042
0.349639
0.350371
0.350737
0.351142
0.351554
0.351999
0.352326
0.352415
0.352764
0.353368
0.353826
0.354506
0.354684
0.355401
0.355934
0.356265
0.356587
0.356835
0.357066
0.357514
0.357851
0.358064
0.358486
0.358958
0.359392
0.359776
0.360295
0.36043
0.361042
0.361362
0.3617
0.362093
0.362339
0.362382
0.362729
0.363053
0.363367
0.363714
0.363969
0.364137
0.364505
0.364672
0.364989
0.365184
