0.488235
0.474178
0.483904
0.48894
0.484629
0.495267
0.491769
0.494799
0.495528
0.493875
0.495241
0.495007
0.496758
0.4958
0.496988
0.500562
0.500265
0.50457
0.50466
0.504721
0.504065
0.503881
0.505346
0.50569
0.505042
0.50642
0.506133
0.505327
0.505332
0.505654
0.50604
0.505613
0.506359
0.506346
0.507275
0.506408
0.505755
0.504255
0.504379
0.504867
0.505372
0.505175
0.505404
0.505011
0.504634
0.504597
0.505291
0.505492
0.50526
0.50561
0.506034
0.50543
0.505467
0.505675
0.505763
0.506151
0.505913
0.50657
0.506765
0.506421
0.507158
0.507898
0.507461
0.506592
0.50633
0.506761
0.507042
0.507855
0.50838
0.508325
0.508266
0.508471
0.508451
0.508622
0.50837
0.508355
0.508538
0.508143
0.508078
0.50799
0.507959
0.508212
0.50842
0.508888
0.508726
0.508241
0.508577
0.508296
0.508003
0.507924
0.508051
0.508206
0.508459
0.508567
0.508838
0.508506
0.508106
0.508284
0.508834
0.508265
0.508357
0.508485
0.50863
0.508598
0.508873
0.508872
0.508904
0.508835
0.50907
0.509078
0.50939
0.50918
0.508826
0.50861
0.508189
0.50788
0.507721
0.507686
0.507974
0.507953
0.507688
0.507609
0.507237
0.507342
0.507117
0.50718
0.506957
0.507194
0.507024
0.507269
0.507342
0.507037
0.507316
0.507344
0.507533
0.507585
0.50824
0.507955
0.507792
0.507876
0.507798
0.507611
0.507536
0.507929
0.507739
0.507563
0.5077
0.508044
0.508059
0.507885
0.507734
0.507948
0.507917
0.507892
0.507629
0.507457
0.507321
0.507625
0.507641
0.507638
0.507832
0.507932
0.507871
0.50778
0.507803
0.50748
0.507562
0.507946
0.507835
0.508036
0.508056
0.508063
0.507992
0.508015
0.508095
0.508117
0.508184
0.508052
0.508233
0.508036
0.50801
0.507618
0.507974
0.507917
0.507827
0.507875
0.508002
0.50818
0.508129
