0
0.0679321
0.100676
0.127808
0.142459
0.156942
0.16873
0.175006
0.182022
0.189561
0.192542
0.197429
0.206432
0.209719
0.216482
0.22168
0.226645
0.231383
0.235132
0.237615
0.241857
0.24237
0.24578
0.249715
0.253158
0.255749
0.25895
0.262673
0.265664
0.268676
0.272173
0.274811
0.276078
0.278427
0.280606
0.283455
0.286184
0.288111
0.29025
0.294326
0.295728
0.297143
0.299542
0.300738
0.302478
0.30378
0.30556
0.307076
0.30938
0.309955
0.311062
0.31287
0.314094
0.3154
0.317121
0.31881
0.320095
0.322334
0.323112
0.324559
0.325669
0.326694
0.328843
0.329461
0.330258
0.331219
0.331736
0.332401
0.333767
0.334923
0.335654
0.336602
0.337329
0.338749
0.33879
0.339994
0.341328
0.342495
0.343629
0.344929
0.345922
0.346456
0.347521
0.348658
0.349545
0.350678
0.351598
0.352322
0.353292
0.354759
0.355394
0.355964
0.357025
0.358054
0.358957
0.359325
0.360217
0.360732
0.361668
0.361814
0.362359
0.36259
0.362918
0.363444
0.364285
0.364825
0.365449
0.366213
0.366847
0.367694
0.368527
0.369133
0.370047
0.370372
0.370962
0.37165
0.372518
0.373116
0.373435
0.374057
0.37444
0.375307
0.376032
0.37628
0.376674
0.376575
0.376749
0.377543
0.378147
0.378246
0.378911
0.379363
0.379756
0.380199
0.380461
0.380868
0.381397
0.381787
0.382466
0.382812
0.383128
0.383864
0.384595
0.384446
0.384822
0.38546
0.385722
0.386174
0.386595
0.38707
0.387574
0.387657
0.387906
0.388514
0.388895
0.388945
0.389411
0.389855
0.390372
0.390738
0.391172
0.391385
0.391785
0.39244
0.392791
0.393094
0.393433
0.393723
0.394049
0.394326
0.39464
0.394801
0.394925
0.39536
0.395608
0.39615
0.396439
0.396859
0.397368
0.397544
0.397809
0.398288
0.39863
0.399064
0.39937
0.399508
0.399834
0.399903
0.400304
0.40082
0.401184
0.401517
0.401609
0.401894
0.402425
0.402498
0.402724
0.402927
0.403242
