0.0100604
0.205205
0.275658
0.310966
0.328106
0.33996
0.354409
0.360925
0.36616
0.37196
0.375185
0.378743
0.38338
0.388097
0.391006
0.394699
0.39886
0.399509
0.403246
0.404756
0.406607
0.409056
0.41036
0.412905
0.413711
0.415955
0.417642
0.420068
0.421842
0.424163
0.42556
0.427608
0.428728
0.431572
0.433366
0.434852
0.436809
0.437803
0.43948
0.441383
0.441925
0.44279
0.443743
0.444539
0.44649
0.447368
0.447599
0.44822
0.449547
0.450717
0.452493
0.453745
0.455496
0.455956
0.4561
0.457646
0.458561
0.459311
0.460293
0.462278
0.462641
0.46349
0.464495
0.465308
0.465911
0.466449
0.467529
0.468594
0.468941
0.469589
0.469703
0.469928
0.471031
0.471185
0.472519
0.47289
0.4736
0.47463
0.475091
0.475735
0.476401
0.476917
0.47765
0.478271
0.47935
0.48
0.480256
0.481291
0.481829
0.482715
0.483609
0.484206
0.484851
0.485481
0.486392
0.486997
0.487579
0.487899
0.487916
0.488199
0.488394
0.488609
0.489509
0.489896
0.490642
0.491678
0.491898
0.492169
0.49225
0.492327
0.492339
0.492717
0.492893
0.493085
0.493855
0.493882
0.494237
0.494601
0.494967
0.495257
0.495591
0.496333
0.496772
0.497144
0.497201
0.497678
0.498012
0.498454
0.499077
0.499106
0.499518
0.499793
0.500238
0.500622
0.500798
0.501173
0.501375
0.501543
0.501718
0.501769
0.502215
0.502382
0.502579
0.502974
0.503612
0.503974
0.504302
0.504624
0.504836
0.505094
0.505244
0.505619
0.506101
0.506421
0.506383
0.506658
0.506997
0.507395
0.507547
0.507943
0.508074
0.508319
0.50854
0.50863
0.50893
0.509095
0.509367
0.509595
0.509646
0.509752
0.510118
0.510501
0.510713
0.510845
0.511019
0.511118
0.511329
0.511431
0.511654
0.511759
0.512102
0.512193
0.512541
0.512688
0.513108
0.513439
0.513593
0.513724
0.513884
0.514094
0.514348
0.514497
0.514882
0.515235
0.515555
0.515963
0.516027
0.516377
0.516393
