0.540698
0.525473
0.530392
0.529065
0.52755
0.521071
0.521139
0.524172
0.52096
0.515217
0.516416
0.515932
0.518467
0.518599
0.518451
0.516869
0.515661
0.514721
0.515394
0.515475
0.515257
0.514992
0.513799
0.514795
0.515568
0.515778
0.516556
0.517558
0.517429
0.51681
0.516843
0.516172
0.517184
0.515699
0.514984
0.514209
0.514122
0.513835
0.513776
0.513981
0.514738
0.514335
0.514775
0.514796
0.514625
0.51542
0.515568
0.515611
0.515578
0.515551
0.515256
0.515642
0.515755
0.515665
0.516523
0.516136
0.515081
0.516058
0.516497
0.51607
0.515707
0.51515
0.514809
0.51506
0.515208
0.514496
0.514609
0.51464
0.515014
0.515024
0.51482
0.514653
0.514446
0.51437
0.514293
0.514389
0.514463
0.514083
0.513871
0.514345
0.514342
0.514193
0.514042
0.513681
0.513737
0.513119
0.513679
0.513727
0.513656
0.513867
0.513973
0.514057
0.514686
0.514471
0.514918
0.514824
0.514761
0.514847
0.514635
0.514367
0.514779
0.514477
0.514733
0.514853
0.514712
0.514989
0.51515
0.515425
0.515157
0.515161
0.515547
0.515233
0.515041
0.514727
0.514696
0.514573
0.514634
0.514491
0.514434
0.514511
0.514338
0.513959
0.513781
0.513598
0.513296
0.513066
0.51335
0.513195
0.512975
0.512903
0.512999
0.513217
0.513393
0.513541
0.513691
0.513566
0.514002
0.514199
0.513893
0.513895
0.514084
0.514059
0.514199
0.51432
0.514395
0.514538
0.514333
0.514365
0.514442
0.514437
0.514632
0.514325
0.514288
0.513939
0.514007
0.513995
0.514117
0.514227
0.514
0.514199
0.513951
0.513821
0.51376
0.513952
0.513786
0.513742
0.513631
0.513485
0.513666
0.513532
0.513208
0.513261
0.513328
0.513328
0.513118
0.512925
0.51277
0.512554
0.512547
0.512625
0.51258
0.512486
0.51251
0.512311
0.512303
0.512404
0.512382
0.512305
0.51227
