0.26506
0.261044
0.262458
0.266832
0.277911
0.278923
0.289122
0.29469
0.296788
0.298922
0.299401
0.302618
0.302256
0.302891
0.303706
0.304348
0.303445
0.302844
0.300613
0.30018
0.301686
0.303518
0.303715
0.302996
0.303963
0.304222
0.305709
0.307282
0.30686
0.306987
0.308685
0.310188
0.311551
0.313885
0.316718
0.317739
0.318022
0.320504
0.321465
0.32285
0.324794
0.327002
0.329551
0.331205
0.332291
0.333746
0.335762
0.336889
0.338813
0.339571
0.341414
0.342571
0.343993
0.345037
0.346061
0.34765
0.348394
0.350103
0.351303
0.35317
0.354852
0.356335
0.356934
0.357881
0.35962
0.361538
0.362012
0.363257
0.364129
0.365003
0.366332
0.367586
0.369459
0.37066
0.371516
0.372643
0.37338
0.374263
0.374289
0.375592
0.375979
0.376442
0.377327
0.378133
0.379038
0.379916
0.380343
0.380731
0.381778
0.382389
0.3833
0.384448
0.385598
0.386188
0.387551
0.388453
0.389191
0.389643
0.39039
