0.169323
0.116534
0.105686
0.118687
0.117576
0.123997
0.128773
0.138631
0.143367
0.148838
0.150819
0.151903
0.1574
0.1607
0.162007
0.163032
0.167698
0.171526
0.174089
0.176919
0.179025
0.181041
0.18303
0.185286
0.188257
0.191126
0.19425
0.197139
0.198042
0.201605
0.205593
0.207192
0.209819
0.212168
0.215014
0.217538
0.218705
0.22107
0.2235
0.226163
0.227502
0.229552
0.231088
0.232764
0.23384
0.235388
0.237597
0.240247
0.240704
0.242527
0.244294
0.245582
0.246888
0.248616
0.250062
0.251239
0.252414
0.25386
0.255533
0.25597
0.25721
0.258591
0.260088
0.261539
0.262879
0.263828
0.265207
0.267281
0.267656
0.269057
0.270147
0.271065
0.272228
0.272724
0.273653
0.274722
0.275828
0.276492
0.277701
0.27902
0.279826
0.28097
0.281391
0.282037
0.283193
0.283798
0.284948
0.285797
0.286824
0.287758
0.288929
0.289959
0.290612
0.291118
0.29233
0.29285
0.293591
0.294472
0.295537
