0.504348
0.487569
0.5
0.501762
0.497421
0.49784
0.494396
0.490018
0.492871
0.494293
0.496668
0.498535
0.500339
0.502
0.504758
0.501769
0.502883
0.502732
0.503675
0.503485
0.503953
0.505311
0.506032
0.507264
0.508533
0.510946
0.51015
0.509584
0.50933
0.511459
0.512333
0.513162
0.511615
0.512769
0.511877
0.51328
0.512467
0.512153
0.511621
0.511873
0.512055
0.512426
0.513042
0.513051
0.513066
0.513371
0.512388
0.511894
0.511453
0.512216
0.512652
0.512775
0.514281
0.514018
0.513803
0.514428
0.513738
0.513936
0.512969
0.512662
0.512496
0.512567
0.513004
0.51175
0.51226
0.512177
0.512762
0.513307
0.513359
0.513753
0.513932
0.514298
0.514055
0.51393
0.513548
0.513681
0.51371
0.513665
0.513972
0.513986
0.514092
0.513811
0.513816
0.513847
0.513457
0.513476
0.513636
0.513471
0.512827
