0.0160321
0.0732883
0.111546
0.14
0.158165
0.173999
0.18808
0.19757
0.209069
0.21499
0.220104
0.22535
0.226325
0.230384
0.235347
0.241472
0.244348
0.24844
0.250873
0.25501
0.259943
0.261689
0.264593
0.266749
0.270744
0.273597
0.277736
0.279404
0.281564
0.285274
0.287433
0.289512
0.290929
0.292788
0.294623
0.298897
0.301205
0.302507
0.303449
0.304842
0.306572
0.308553
0.311004
0.312298
0.313453
0.31506
0.31734
0.319277
0.32132
0.323006
0.323369
0.323444
0.325396
0.326836
0.328759
0.330242
0.330935
0.331813
0.332928
0.333825
0.334935
0.335955
0.336298
0.337096
0.338637
0.339643
0.340373
0.341705
0.343395
0.344596
0.345648
0.346885
0.348223
0.348882
0.349828
0.350273
0.350887
0.351088
0.351351
0.35187
0.352814
0.353528
0.353681
0.35455
0.355565
0.356446
0.356955
0.357356
0.357549
0.357805
0.358702
0.35909
0.359926
0.360818
0.36143
0.361273
0.362163
0.363016
0.363221
0.363393
0.364072
0.365022
0.365843
0.366593
0.367259
0.367526
0.367718
0.367907
0.367723
0.36799
0.368433
0.368756
0.369198
0.369303
0.369403
0.370332
0.37025
0.370949
0.371532
0.371925
0.372606
0.372675
0.372889
0.372876
0.373185
0.373368
0.373479
0.374063
0.374197
0.374732
0.374673
0.37473
0.374738
0.375177
0.375595
0.376255
0.376638
0.376757
0.377009
0.377321
0.37736
0.377685
0.378137
0.378217
0.378802
0.379056
0.379551
0.380014
0.380084
0.380152
0.380195
0.38056
0.381057
0.381209
0.381576
0.382004
0.382097
0.382255
0.382719
0.382778
0.382955
0.383279
0.383205
0.383294
0.383273
0.383502
0.38362
0.383679
0.38378
0.383778
0.384004
0.384482
0.384551
0.384585
0.384414
0.384864
0.38529
0.385695
0.385881
0.386153
0.386178
0.386487
0.386727
0.386969
0.387518
0.387642
0.387878
0.387954
0.388111
0.388309
0.388344
0.388493
0.38896
0.389042
0.389345
0.389552
0.389523
0.389416
0.389786
