0.349301
0.337487
0.349693
0.354359
0.363011
0.361882
0.360151
0.367825
0.375708
0.377282
0.38135
0.383725
0.388796
0.392783
0.394705
0.398271
0.403571
0.406398
0.40737
0.409695
0.411396
0.411936
0.41471
0.416874
0.420599
0.42146
0.421714
0.424028
0.424542
0.425696
0.427679
0.429869
0.430881
0.431528
0.433141
0.435927
0.436639
0.436384
0.437802
0.438688
0.440869
0.441453
0.442699
0.44349
0.443703
0.444516
0.445735
0.446578
0.448061
0.448768
0.449135
0.450987
0.451084
0.451772
0.451763
0.452082
0.452472
0.45361
0.454656
0.455419
0.456115
0.457085
0.457362
0.458232
0.459366
0.460729
0.461792
0.462301
0.463226
0.463752
0.463853
0.464375
0.464791
0.465588
0.466071
0.466081
0.466896
0.467103
0.467769
0.468657
0.469495
0.469791
0.469977
0.469793
0.470118
0.470476
0.47107
0.471481
0.471967
0.471988
0.472828
0.473583
0.474692
0.475227
0.475894
0.475889
0.476221
0.476434
0.476841
0.476765
0.477358
0.477649
0.478183
0.478638
0.479486
0.479449
0.479617
0.479858
0.480433
0.480924
0.480855
0.481439
0.481919
0.481969
0.482389
0.482547
0.482675
0.482928
0.483306
0.483098
0.48323
0.483556
0.483599
0.484075
0.484443
0.484028
0.483914
0.483843
0.484053
0.483941
0.483779
0.484018
0.484164
0.484088
0.484375
0.484398
0.484433
0.484609
0.484656
0.485265
0.485528
0.485865
0.485871
0.486218
0.486351
0.486247
0.486536
0.486869
0.486721
0.486951
0.487205
0.487273
0.487317
0.487208
0.487262
0.487182
0.48738
0.487592
0.487816
0.487848
0.487888
0.488263
0.488072
0.488034
0.488092
0.488129
0.488341
0.488537
0.488647
0.488613
0.488792
0.488912
0.489102
0.489093
0.489045
0.489473
0.489886
0.489825
0.489971
0.489766
0.489837
0.4903
0.490468
0.490294
0.490799
0.490666
0.490894
0.491097
0.491253
0.491498
0.491445
0.491485
0.491513
0.491758
0.491829
0.492083
0.492308
0.492226
0.492395
