0.481366
0.495482
0.488978
0.494713
0.496736
0.500494
0.498318
0.497788
0.495213
0.494318
0.498907
0.493725
0.491447
0.491478
0.490763
0.488822
0.489369
0.490991
0.492379
0.489217
0.488838
0.488009
0.484884
0.482841
0.483149
0.484087
0.484274
0.482696
0.482343
0.481493
0.48237
0.481575
0.480729
0.480074
0.478735
0.478471
0.479454
0.479617
0.481524
0.481072
0.480525
0.480263
0.481342
0.482507
0.48143
0.482448
0.482869
0.483406
0.482997
0.483883
0.483958
0.484035
0.483414
0.483934
0.484416
0.485225
0.484578
0.485028
0.485857
0.485565
0.484889
0.484869
0.484619
0.484392
0.484581
0.483945
0.484441
0.484949
0.485076
0.484984
0.485023
0.484196
0.483691
0.483769
0.483779
0.4833
0.482907
0.48334
0.483072
0.482805
0.482906
0.483073
0.482777
0.48246
0.482175
0.481537
0.481649
0.481377
0.4815
0.481503
0.481361
0.480762
0.481126
0.480737
0.480668
0.48087
0.480219
0.479498
0.478807
0.478602
0.478057
0.477793
0.478298
0.478101
0.477991
0.477963
0.477641
0.4777
0.477899
0.477258
0.477431
0.477554
0.477384
0.47727
0.477288
0.477114
0.476665
0.476397
0.476083
0.475929
0.475799
0.475597
0.475266
0.475149
0.474682
0.47491
0.475083
0.474943
0.475131
0.475278
0.475389
0.4757
0.475889
0.475731
0.475571
0.475763
0.475948
0.476182
0.475985
0.475974
0.476024
0.476249
0.476142
0.476172
0.475856
0.475755
0.475659
0.475804
0.475438
0.475483
0.475559
0.475404
0.475305
0.475183
0.475539
0.475667
0.476076
0.475926
0.475688
0.475653
0.475529
0.475482
0.475567
0.475925
0.475618
0.475356
0.475376
0.475204
0.475085
0.474791
0.474871
0.474693
0.474636
0.474896
0.474936
0.474875
0.475028
0.475107
0.475085
0.474952
0.474408
0.474447
0.474505
0.47457
0.474578
0.474566
0.474592
0.474572
0.474469
