0
0.0768453
0.119809
0.14666
0.165807
0.178982
0.196881
0.208517
0.218043
0.228729
0.235986
0.243168
0.248775
0.254929
0.261579
0.268945
0.274552
0.279877
0.285241
0.289334
0.296747
0.300582
0.306153
0.311345
0.315841
0.320492
0.325171
0.328281
0.332838
0.336499
0.34086
0.345364
0.347938
0.352605
0.354539
0.355813
0.358945
0.362237
0.364956
0.367657
0.371482
0.3741
0.376795
0.379379
0.382751
0.385227
0.387886
0.390421
0.392688
0.395464
0.396964
0.398691
0.400833
0.403076
0.406098
0.408131
0.410566
0.412849
0.414607
0.415792
0.418221
0.420251
0.42247
0.424007
0.426076
0.427389
0.428494
0.429535
0.430902
0.432176
0.433403
0.434828
0.436552
0.438288
0.439794
0.441649
0.442589
0.444252
0.445291
0.446425
0.448076
0.44964
0.451125
0.4526
0.453809
0.455588
0.456309
0.457772
0.459122
0.460314
0.461548
0.463112
0.464798
0.464998
0.466135
0.4673
0.468556
0.469261
0.470265
0.47161
0.472664
0.473699
0.474785
0.475875
0.477072
0.477935
0.478698
0.479334
0.480115
0.480767
0.481564
0.482275
0.483175
0.483951
0.484577
0.485782
0.486851
0.487953
0.488518
0.489402
0.490348
0.490932
0.491579
0.49219
0.492745
0.493438
0.494324
0.495132
0.496395
0.497129
0.497842
0.498546
0.499338
0.499978
0.500685
0.501381
0.501593
0.502295
0.503047
0.503779
0.504327
0.505069
0.505793
0.506557
0.506666
0.507172
0.507726
0.508793
0.509292
0.509648
0.510362
0.51094
0.511221
0.511774
0.51226
0.512585
0.513395
0.513986
0.514442
0.515185
0.515355
0.516047
0.516481
0.516799
0.517533
0.518029
0.518528
0.519168
0.519753
0.520389
0.521069
0.521532
0.522019
0.52248
0.523022
0.523553
0.524148
0.524571
0.52507
0.525339
0.525734
0.526215
0.526614
0.527214
0.52772
0.528097
0.52864
0.528673
0.529107
0.529264
0.529423
0.529894
0.530654
0.53087
0.531319
0.531565
0.53196
0.532486
0.532655
