0.0205339
0.289812
0.374918
0.428074
0.451795
0.472758
0.489293
0.50511
0.520455
0.533903
0.537296
0.542909
0.548146
0.551491
0.556783
0.56345
0.569493
0.572534
0.576126
0.579076
0.583812
0.587384
0.591116
0.59531
0.596536
0.599902
0.602261
0.605275
0.607432
0.610886
0.61225
0.615184
0.616932
0.618165
0.619869
0.622433
0.624371
0.626104
0.628372
0.629354
0.631193
0.632543
0.635375
0.636135
0.637568
0.639983
0.640313
0.641932
0.643523
0.6452
0.646267
0.64644
0.647444
0.648955
0.649847
0.650027
0.650905
0.651185
0.65226
0.653265
0.654155
0.654993
0.656424
0.657842
0.658841
0.659632
0.660691
0.661336
0.662108
0.662453
0.662875
0.663936
0.664715
0.665172
0.666028
0.666518
0.667143
0.667403
0.668393
0.66935
0.670283
0.670666
0.67099
0.671709
0.672051
0.672582
0.673296
0.674091
0.674747
0.675849
0.676839
0.67745
0.6779
0.678453
0.679004
0.679585
0.680182
0.680806
0.681043
0.681365
0.68193
0.682139
0.68279
0.683465
0.684081
0.684691
0.684568
0.684775
0.685027
0.685597
0.686322
0.686743
0.687278
0.687653
0.688471
0.688683
0.68917
0.689743
0.690264
0.691008
0.691652
0.692384
0.69278
0.693442
0.6939
0.694184
0.694684
0.695082
0.69537
0.695995
0.696463
0.69685
0.697513
0.698094
0.69834
0.698892
0.699233
0.699606
0.699912
0.700199
0.700288
0.700686
0.701226
0.701766
0.701995
0.702565
0.702679
0.70282
0.703057
0.703445
0.704049
0.704178
0.704422
0.704781
0.705066
0.705214
0.705358
0.705737
0.706085
0.706264
0.706475
0.70693
0.707207
0.707466
0.707703
0.707949
0.708381
0.708748
0.709061
0.709149
0.709115
0.709438
0.709492
0.709747
0.710032
0.710206
0.710579
0.710885
0.711122
0.7113
0.711546
0.711833
0.712085
0.712303
0.712219
0.712537
0.712741
0.712814
0.712898
0.71309
0.713457
0.713648
0.713807
0.714025
0.714329
0.714559
0.714625
0.714866
0.715187
