0.627907
0.63104
0.632
0.633678
0.646465
0.647204
0.654415
0.652963
0.650181
0.653165
0.658131
0.663577
0.66605
0.667168
0.669339
0.670177
0.669085
0.668844
0.670368
0.669548
0.666667
0.664829
0.664384
0.665156
0.66558
0.664847
0.665025
0.665153
0.664336
0.664187
0.664715
0.665692
0.666087
0.6664
0.667011
0.667058
0.667616
0.668778
0.668259
0.669046
0.66928
0.669552
0.670884
0.67266
0.674634
0.674504
0.675257
0.675102
0.676036
0.67631
0.676139
0.674895
0.674957
0.675397
0.675222
0.674571
0.675189
0.676106
0.676621
0.676626
0.677249
0.677125
0.67645
0.676357
0.676085
0.676383
0.676187
0.675633
0.675063
0.675775
0.676013
0.675942
0.67643
0.67651
0.67687
0.677294
0.676652
0.676359
0.67644
0.676596
0.676398
0.676258
0.676271
0.675843
0.676143
0.676372
0.676329
0.676235
0.676227
0.6767
0.676304
0.676254
0.676432
0.676205
0.676153
0.676403
0.67653
0.676811
0.676598
0.676909
0.67647
0.676529
0.676653
0.676517
0.676707
0.676634
0.676697
0.676639
0.676718
0.677023
0.676877
0.677196
0.677124
0.677252
0.677631
0.678052
0.67797
0.678176
0.678227
0.678161
0.678051
0.678037
0.678434
0.678526
0.678164
0.678353
0.678587
0.678747
0.67899
0.678832
0.678981
0.679058
0.679059
0.679198
0.67921
0.679174
0.679219
0.679496
0.679593
0.679603
0.679469
0.679194
0.679301
0.679329
0.679314
0.67937
0.678966
0.679027
0.67913
0.67893
0.678873
0.679186
0.67904
0.678928
0.678938
0.678733
0.678709
0.678753
0.678768
0.678837
0.678741
0.678516
0.678755
0.678539
0.67842
0.678386
0.678388
0.678244
0.678338
0.67829
0.678191
0.678231
0.678267
0.67841
0.678317
0.678297
0.678665
0.678687
0.678689
0.678701
0.678658
0.678741
0.678674
0.678735
0.678873
0.678768
0.678785
0.678827
0.678955
