0.0137255
0.251734
0.34641
0.393681
0.423366
0.445398
0.45633
0.4671
0.475351
0.487349
0.492568
0.498762
0.500167
0.503733
0.505504
0.510052
0.511415
0.514364
0.517716
0.521036
0.523103
0.524817
0.527888
0.527786
0.529047
0.531199
0.533844
0.53442
0.535387
0.537721
0.539801
0.53959
0.540829
0.541937
0.542787
0.544478
0.545526
0.547646
0.548658
0.549399
0.5513
0.55333
0.554079
0.555562
0.556633
0.557581
0.558764
0.560679
0.561593
0.562781
0.564115
0.564743
0.56574
0.567088
0.567638
0.568777
0.569874
0.570944
0.571765
0.572515
0.574161
0.575155
0.576403
0.577259
0.578442
0.578749
0.579869
0.580192
0.580692
0.581057
0.581531
0.583015
0.583924
0.584762
0.585456
0.586084
0.586957
0.587064
0.587645
0.588741
0.58947
0.589641
0.58993
0.590253
0.591207
0.591754
0.592458
0.593403
0.594
0.594283
0.59479
0.595547
0.595888
0.596488
0.597123
0.597676
0.598429
0.599007
0.599711
0.600006
0.600704
0.600905
0.601025
0.601484
0.601919
0.602319
0.602732
0.603032
0.603549
0.60452
0.604956
0.605527
0.60596
0.606521
0.606809
0.607096
0.607686
0.608024
0.608687
0.608962
0.609134
0.609784
0.610006
0.610396
0.610686
0.611361
0.611772
0.612041
0.61258
0.613138
0.613506
0.613756
0.614235
0.61477
0.61516
0.615701
0.616091
0.616485
0.616883
0.617328
0.61787
0.618141
0.618233
0.618664
0.618818
0.619203
0.619226
0.619806
0.62019
0.620444
0.62092
0.6213
0.621628
0.622064
0.622321
0.622836
0.623231
0.623506
0.623531
0.623669
0.624337
0.624741
0.624656
0.624913
0.62523
0.625773
0.625978
0.626135
0.62635
0.62645
0.62679
0.627022
0.62717
0.627459
0.627705
0.627897
0.628129
0.628476
0.62873
0.629084
0.629209
0.62975
0.630177
0.630636
0.630798
0.631129
0.631049
0.631389
0.631627
0.632053
0.632548
0.632911
0.633354
0.633592
0.633963
0.634115
0.634403
0.634751
0.635131
