0
0.0181635
0.0454545
0.058325
0.0646465
0.072415
0.0817791
0.0911816
0.0974098
0.104382
0.109543
0.111867
0.116826
0.119589
0.124575
0.127984
0.130728
0.135917
0.136917
0.141404
0.143581
0.147486
0.150994
0.153973
0.156728
0.160472
0.162561
0.164222
0.165891
0.169416
0.171626
0.173233
0.17544
0.179022
0.181628
0.184339
0.186576
0.188829
0.191407
0.19334
0.195881
0.19767
0.200012
0.201746
0.203109
0.206158
0.207552
0.209382
0.210992
0.21255
0.214118
0.216158
0.218211
0.219329
0.220869
0.222211
0.224084
0.225411
0.22754
0.228731
0.230769
0.232412
0.234492
0.23523
0.237076
0.238869
0.240159
0.241964
0.243684
0.245382
0.246565
0.247747
0.248868
0.250256
0.251375
0.252684
0.253824
0.255145
0.256654
0.258139
0.259622
0.260667
0.261679
0.262688
0.264303
0.265713
0.267398
0.268572
0.269846
0.270746
0.27192
0.273105
0.274352
0.275293
0.276857
0.278235
0.279165
0.280171
0.281392
0.282551
0.283845
0.285113
0.285987
0.287178
0.287785
0.288555
0.290021
0.290785
0.291509
0.293049
0.293966
0.295588
0.296577
0.298147
0.298584
0.299778
0.300935
0.301898
0.302779
0.303804
0.304339
0.305107
0.305861
0.306526
0.307131
0.307761
0.308696
0.309261
0.310096
0.310605
0.311506
0.312074
0.313044
0.313807
0.314535
0.315482
0.316169
0.317175
0.318174
0.318691
0.31947
0.320325
0.321196
0.321861
0.322742
0.323508
0.324433
0.325347
0.326317
0.326963
0.32777
0.328503
0.329005
0.329479
0.329964
0.330338
0.331053
0.331771
0.332761
0.333479
0.334217
0.334731
0.335465
0.336019
0.336462
0.337058
0.337746
0.338793
0.339668
0.340369
0.340932
0.341283
0.341752
0.34244
0.342854
0.343816
0.344573
0.345162
0.345757
0.346314
0.346947
0.347651
0.348209
0.348755
0.349448
0.35001
0.350539
0.351166
0.351681
0.352077
0.352577
0.353188
0.353815
0.354379
0.354908
0.355375
0.355873
0.356446
0.356814
