0.658863
0.644951
0.660215
0.644583
0.641698
0.648441
0.656512
0.656802
0.656409
0.661613
0.668691
0.671966
0.671239
0.672149
0.674094
0.676571
0.675018
0.677207
0.675524
0.674734
0.676462
0.678876
0.675886
0.67614
0.67713
0.677344
0.677264
0.67811
0.680175
0.680068
0.681351
0.681891
0.682132
0.682979
0.682465
0.682083
0.683273
0.682023
0.682835
0.68304
0.68254
0.683677
0.685087
0.683988
0.684627
0.684211
0.684499
0.68466
0.684863
0.684712
0.685682
0.685195
0.685021
0.684843
0.685027
0.685025
0.685087
0.685072
0.685105
0.68503
0.685512
0.684463
0.684334
0.684342
0.684077
0.683126
0.683002
0.682994
0.683092
0.682974
0.683244
0.683287
0.682722
0.682479
0.682344
0.682494
0.682395
0.682542
0.68177
0.681589
0.682094
0.682386
0.682343
0.682566
0.682208
0.682102
0.68182
0.68181
0.681923
0.682135
0.681731
0.681872
0.681948
0.681785
0.682103
0.682099
0.68192
0.682253
0.682568
0.682804
0.6833
0.683754
0.683966
0.683802
0.683606
0.683322
0.683643
0.683344
0.683227
0.682847
0.682461
0.682638
0.682808
0.682976
0.682778
0.682974
0.682914
0.683272
0.683351
0.683168
0.683198
0.683086
0.682754
0.682825
0.682633
0.682632
0.682581
0.682339
0.683094
0.682798
0.682633
0.682525
0.682042
0.681709
0.681522
0.681381
0.681377
0.681629
0.681825
0.681693
0.681957
0.681608
0.68143
0.681425
0.681118
0.681208
0.681278
0.681362
0.68149
0.681563
0.682036
0.682117
0.682297
0.682051
0.681963
0.681955
0.681832
0.681861
0.682324
0.682318
0.682422
0.682632
0.682846
0.682784
0.682756
0.682711
0.682683
0.682999
0.682815
0.682807
0.682678
0.682764
0.682806
0.68255
0.682343
0.682203
0.681918
0.682072
0.682075
0.682212
0.682213
0.682133
0.682208
0.682124
0.682185
0.682143
0.682022
0.682151
0.681964
