0.0402414
0.203407
0.256912
0.283994
0.295062
0.299734
0.302849
0.305389
0.305062
0.306939
0.310978
0.315687
0.318144
0.318482
0.320168
0.321041
0.322039
0.322644
0.326011
0.326808
0.327088
0.326576
0.326452
0.328515
0.330546
0.329725
0.330564
0.331534
0.331617
0.331811
0.331798
0.332573
0.333703
0.334078
0.334836
0.335653
0.335026
0.33669
0.338351
0.33831
0.338791
0.338979
0.339698
0.339561
0.340797
0.340537
0.340716
0.340552
0.341472
0.342002
0.342003
0.343204
0.343582
0.344113
0.344365
0.34443
0.34418
0.345028
0.345147
0.344479
0.343759
0.34394
0.343681
0.34479
0.345343
0.345735
0.345402
0.346324
0.346829
0.346779
0.347086
0.347533
0.347141
0.347499
0.348074
0.348746
0.349023
0.349417
0.349417
0.349347
0.349455
0.350276
0.350658
0.35102
0.351322
0.351952
0.351771
0.35239
0.35255
0.352815
0.353048
0.353691
0.354152
0.354275
0.354639
0.354701
0.35461
0.355501
0.355621
0.355601
0.356219
0.356129
0.356911
0.357251
0.357523
0.357674
0.357998
0.358509
0.358771
0.359238
0.359404
0.359802
0.360425
0.360008
0.360098
0.360348
0.36046
0.360645
0.360576
0.360941
0.361021
0.361724
0.361646
0.361788
0.361961
0.36197
0.362165
0.362402
0.36268
0.363067
0.36339
0.363141
0.363086
0.363491
0.363537
0.363764
0.364267
0.36425
0.364531
0.364837
0.36505
0.365214
0.36545
0.365959
0.366425
0.366403
0.366647
0.367012
0.36712
0.367493
0.367596
0.367854
0.368078
0.36846
0.368695
0.368886
0.368865
0.36931
0.369708
0.36972
0.369901
0.370137
0.37016
0.370252
0.370563
0.370863
0.371311
0.37144
0.371899
0.372173
0.372468
0.372453
0.372654
0.372905
0.373137
0.373342
0.373491
0.373834
0.373918
0.374216
0.374405
0.374485
0.374636
0.375026
0.375509
0.375683
0.375887
0.376272
0.376368
0.376547
0.376631
0.376996
0.376991
0.377262
0.377475
0.37787
0.378029
0.378238
0.378457
