0
0.0159681
0.0210943
0.0254111
0.0278996
0.0310621
0.039255
0.0395792
0.0422598
0.044809
0.0470676
0.0485574
0.0498008
0.0518764
0.0551075
0.0567587
0.0589744
0.0604927
0.062253
0.0642136
0.0645456
0.0652532
0.0662497
0.0677376
0.0696159
0.0710121
0.071607
0.0733459
0.0743838
0.0748265
0.0762461
0.0769477
0.0788858
0.0794571
0.0800446
0.0809026
0.0821218
0.0835121
0.0845556
0.0855407
0.0859743
0.0867231
0.0876585
0.0881711
0.0893918
0.090141
0.0911591
0.0917684
0.0930477
0.0940092
0.0943607
0.0953827
0.0959102
0.0966613
0.0976061
0.0977946
0.0991248
0.0994951
0.100502
0.101186
0.101964
0.103169
0.103581
0.103986
0.104758
0.105181
0.105528
0.106005
0.106723
0.107997
0.108655
0.10916
0.110194
0.110698
0.111365
0.112073
0.112976
0.113903
0.114946
0.115371
0.115956
0.116579
0.117251
0.117912
0.11891
0.119543
0.12022
0.120942
0.121642
0.12189
0.122258
0.122741
0.12325
0.123914
0.12445
0.125133
0.12558
0.1261
0.126671
0.127209
0.128146
0.128826
0.129463
0.129921
0.130638
0.131607
0.132198
0.132569
0.133282
0.133924
0.134508
0.134832
0.134821
0.135649
0.136445
0.136987
0.137538
0.138182
0.138553
0.138897
0.13933
0.139958
0.140347
0.140702
0.141118
0.141425
0.141971
0.142077
0.142557
0.143067
0.143393
0.143992
0.1444
0.145068
0.145795
0.146251
0.14664
0.147207
0.14735
0.14778
0.148382
0.148732
0.149042
0.149388
0.150056
0.150359
0.150759
0.151351
0.151697
0.152249
0.152748
0.153206
0.153496
0.153961
0.154342
0.154748
0.155132
0.155417
0.155692
0.156171
0.156615
0.156938
0.157409
0.1581
0.158434
0.158695
0.158936
0.159468
0.159777
0.160517
0.160718
0.160965
0.161172
0.161381
0.161801
0.16232
0.162434
0.162674
0.162957
0.163449
0.163739
0.163985
0.164398
0.164743
0.164924
0.165177
0.165445
0.165874
0.166208
0.166682
0.166953
0.167139
0.167364
0.167607
0.167927
0.168095
0.16829
0.168573
0.16882
