0.564935
0.551618
0.543094
0.540582
0.535185
0.525013
0.52576
0.52244
0.516678
0.519237
0.522455
0.520541
0.518519
0.517892
0.514251
0.515995
0.516607
0.51795
0.517583
0.516786
0.519264
0.520199
0.519147
0.518022
0.519917
0.519202
0.517991
0.519516
0.519082
0.518086
0.517093
0.517675
0.518094
0.51679
0.516017
0.516256
0.516974
0.516683
0.517566
0.516066
0.515096
0.516305
0.516995
0.517194
0.517179
0.517183
0.516308
0.516284
0.516004
0.515281
0.515084
0.514612
0.514396
0.514208
0.514173
0.513634
0.513734
0.514207
0.513706
0.51355
0.513705
0.514025
0.513849
0.514101
0.513504
0.513734
0.513768
0.513902
0.513514
0.513408
0.513422
0.512832
0.513135
0.513365
0.513367
0.513658
0.513497
0.513494
0.513378
0.513233
0.513788
0.513544
0.513192
0.513495
0.513316
0.513246
0.513874
0.513499
0.513427
0.513272
0.513119
0.513272
0.513251
0.513055
0.513172
0.513194
0.513583
0.513842
0.513524
0.513103
0.513023
0.512787
0.512975
0.512992
0.512722
0.513054
0.513018
0.512734
0.512704
0.512579
0.512532
0.512345
0.512456
0.511872
0.511922
0.511769
0.512076
0.512144
0.512254
0.512216
0.512009
0.511946
0.511578
0.511475
0.511967
0.512077
0.512135
0.512192
0.51231
0.512134
0.512336
0.512275
0.512172
0.51215
0.512328
0.51214
0.512034
0.512048
0.512153
0.512097
0.511954
0.512289
0.512469
0.512812
0.513062
0.51298
0.513279
0.512965
0.512814
0.513074
0.51313
0.513238
0.512961
0.513033
0.512713
0.512431
0.512604
0.512418
0.512295
0.512099
0.512056
0.51207
0.512069
0.511974
0.512055
0.511806
0.511923
0.511918
0.512117
0.512094
0.511951
0.51206
0.512
0.512103
0.511932
0.511855
0.512053
0.512222
0.51236
0.512197
0.512457
0.512217
0.512295
0.512086
0.511923
0.511902
0.512022
0.511833
0.511872
