0.229703
0.202369
0.187955
0.20178
0.198738
0.203967
0.209388
0.213503
0.217094
0.220251
0.222636
0.225399
0.228085
0.228657
0.231584
0.232565
0.237032
0.238794
0.238925
0.239027
0.241055
0.242718
0.24475
0.247866
0.248956
0.25072
0.252974
0.254285
0.254129
0.256796
0.258433
0.259965
0.260883
0.262003
0.26226
0.262282
0.263678
0.264181
0.265305
0.266631
0.267745
0.268353
0.269109
0.270369
0.271539
0.272573
0.272539
0.272753
0.273019
0.273513
0.273872
0.274583
0.275138
0.275511
0.276751
0.276527
0.27747
0.277601
0.277646
0.278549
0.279003
0.279412
0.279532
0.280005
0.280202
0.281156
0.282206
0.282921
0.283063
0.284107
0.284431
0.284392
0.284348
0.285135
0.286244
0.287192
0.287273
0.287821
0.28802
0.288717
0.288011
0.288215
0.288648
0.288575
0.289197
0.28961
0.289424
0.289694
0.28978
0.290014
0.290633
0.291056
0.291589
0.292275
0.292276
0.29264
0.292952
0.293036
0.293193
0.293424
0.293519
0.293527
0.293709
0.293803
0.294094
0.294059
0.294085
0.294345
0.294613
0.294646
0.294924
0.294941
0.295352
0.295773
0.296297
0.29667
0.297034
0.29719
0.297362
0.297184
0.29722
0.297482
0.297949
0.2981
0.298129
0.298183
0.298167
0.298216
0.298086
0.298375
0.298458
0.298548
0.298611
0.298902
0.299281
0.299322
0.29926
0.298894
0.299119
0.299393
0.2998
0.299907
0.300075
0.300022
0.29992
0.300073
0.300232
0.30033
0.30057
0.300755
0.300974
0.300551
0.300461
0.30067
0.300464
0.30048
0.300516
0.300452
0.300632
0.300865
0.30087
0.301208
0.301512
0.301876
0.302123
0.302339
0.302574
0.302717
0.302792
0.302883
0.302954
0.303218
0.303454
0.303682
0.303748
0.303806
0.303875
0.303988
0.303989
0.303981
0.304196
0.304312
0.304641
0.304854
0.304863
0.305093
0.305134
0.305142
0.305266
0.305052
0.305213
0.305479
0.305611
0.305804
0.306058
0.306207
0.306578
0.30677
0.306685
