0.020202
0.0567376
0.0711887
0.0965622
0.102273
0.108571
0.123099
0.125188
0.134615
0.130845
0.13198
0.138502
0.141304
0.141524
0.14519
0.147873
0.153825
0.156727
0.1555
0.156865
0.155792
0.155763
0.156431
0.155778
0.156128
0.15681
0.15786
0.159898
0.159262
0.161116
0.161271
0.162485
0.163901
0.166513
0.166516
0.166667
0.168884
0.168925
0.16936
0.169994
0.17096
0.172019
0.173055
0.173449
0.173331
0.174082
0.173511
0.174926
0.174879
0.174003
0.17443
0.174586
0.17459
0.17399
0.176332
0.175175
0.176217
0.17637
0.176677
0.176587
0.176818
0.176521
0.176312
0.176573
0.177771
0.178046
0.178345
0.178385
0.178199
0.178521
0.179533
0.178874
0.178375
0.179018
0.179541
0.180728
0.180567
0.180531
0.18018
0.180603
0.180791
0.180556
0.180273
0.180569
0.180925
0.180528
0.180119
0.179346
0.178772
0.178811
0.179656
0.180559
0.181262
0.181252
0.181072
0.181023
0.180844
0.181017
0.181221
0.181922
0.182317
0.182309
0.182419
0.182416
0.182955
0.182975
0.18324
0.184118
0.184623
0.185073
0.18505
0.185225
0.185657
0.185952
0.186065
0.185992
0.186244
0.186035
0.185931
0.185845
0.18605
0.185846
0.18672
0.186959
0.187034
0.18711
0.18731
0.187001
0.186891
0.187478
0.187682
0.187719
0.187705
0.187869
0.188494
0.18896
0.189519
0.188953
0.189051
0.189551
0.189695
0.189977
0.190022
0.190282
0.190428
0.190221
0.190428
0.190613
0.190456
0.190573
0.190613
0.190378
0.190027
0.189801
0.189548
0.190028
0.190278
0.190611
0.191013
0.191022
0.191344
0.191429
0.191689
0.191909
0.192081
0.192133
0.192379
0.192549
0.192697
0.192637
0.192473
0.192393
0.192643
0.192799
0.192879
0.193261
0.193416
0.193887
0.19425
0.194061
0.193668
0.193902
0.194089
0.194355
0.194677
0.194889
0.194897
0.194901
0.195142
0.194824
0.19486
0.194886
0.194979
0.195115
0.195174
0.195527
0.196141
0.196368
0.196337
