0.242718
0.293269
0.293634
0.299847
0.301235
0.298272
0.299697
0.29697
0.29386
0.295067
0.291908
0.289007
0.287386
0.2859
0.283107
0.281089
0.28189
0.285763
0.281751
0.285497
0.286933
0.28822
0.290115
0.290953
0.291848
0.291182
0.291862
0.292228
0.291697
0.291199
0.291897
0.292149
0.292323
0.293554
0.295148
0.295914
0.294204
0.294616
0.293591
0.293472
0.293828
0.292674
0.292174
0.291592
0.293195
0.291453
0.291755
0.291672
0.291751
0.29193
0.291996
0.292642
0.292519
0.293028
0.293976
0.294639
0.295833
0.294755
0.295017
0.294902
0.294953
0.294195
0.293441
0.293344
0.293244
0.293546
0.292739
0.292039
0.291699
0.291213
0.291009
0.290691
0.290143
0.289869
0.289829
0.289466
0.289503
0.288671
0.287804
0.287805
0.288165
0.288436
0.28928
0.28963
0.290069
0.290037
0.29037
0.290317
0.290791
0.291417
0.291605
0.291313
0.291332
0.291037
0.291279
0.291763
0.292096
0.292436
0.292688
0.293313
0.292895
0.293195
0.293486
0.293782
0.293358
0.293167
0.293199
0.292769
0.292371
0.292184
0.292203
0.292173
0.292749
0.292975
0.293156
0.293176
0.292937
0.292891
0.293222
0.293644
0.293595
0.294048
0.293845
0.293835
0.294217
0.294448
0.294622
0.294356
0.294332
0.294231
0.294628
0.294565
0.294862
0.294825
0.294791
0.294347
0.294263
0.294264
0.294703
0.294664
0.294788
0.294326
0.294068
0.293869
0.293311
0.293639
0.294002
0.294025
0.294113
0.294133
0.294189
0.294535
0.294814
0.295034
0.295275
0.295388
0.29567
0.296086
0.296398
0.296512
0.295903
0.296007
0.296183
0.296047
0.295762
0.295828
0.295803
0.295989
0.295977
0.295931
0.295785
0.296032
0.29606
0.296158
0.296279
0.296638
0.296734
0.296636
0.296451
0.296144
0.296265
0.296016
0.295906
0.296128
0.296036
0.296208
0.296394
0.2963
0.296267
