0.568465
0.354167
0.278082
0.243766
0.223965
0.211721
0.200755
0.196958
0.197123
0.196705
0.196449
0.195952
0.19651
0.197149
0.196303
0.197793
0.198006
0.199257
0.200279
0.203064
0.203845
0.203397
0.203902
0.204981
0.205063
0.204975
0.205827
0.207277
0.208344
0.209369
0.209987
0.210944
0.211185
0.211193
0.211958
0.212242
0.212827
0.2127
0.214001
0.215494
0.2155
0.215271
0.216124
0.216418
0.21731
0.218163
0.218959
0.219638
0.220491
0.220809
0.220708
0.220777
0.221881
0.221932
0.221725
0.222371
0.223438
0.223728
0.22428
0.224905
0.225129
0.225649
0.225927
0.226594
0.226298
0.226826
0.227309
0.227905
0.22856
0.228822
0.229935
0.230223
0.231023
0.231187
0.231673
0.23163
0.231987
0.231886
0.231768
0.231592
0.231623
0.231991
0.232265
0.23275
0.232973
0.232879
0.233238
0.233405
0.233774
0.23384
0.234105
0.234303
0.235068
0.235377
0.235812
0.235854
0.236206
0.236414
0.236799
