0.260618
0.156731
0.10974
0.0859951
0.0720255
0.0606955
0.0550871
0.0508015
0.0476818
0.0444532
0.0424945
0.0409083
0.0394888
0.0380569
0.0367593
0.035945
0.0356712
0.0354492
0.0356262
0.03571
0.0360637
0.0366831
0.0365195
0.037407
0.0372304
0.0369313
0.0363988
0.0363019
0.0361759
0.0363713
0.0360812
0.0362661
0.0362686
0.0363277
0.0364931
0.0364689
0.0364021
0.0368047
0.0368375
0.0369369
0.0373409
0.0372105
0.0372452
0.0374024
0.0373355
0.0377829
0.0376102
0.0380432
0.0380697
0.0387014
0.0388534
0.0390439
0.0389365
0.0390692
0.0387784
0.0390538
0.0394359
0.0398515
0.0404924
0.0407038
0.0407595
0.041223
0.0416812
0.0419508
0.0421057
0.0425168
0.0426443
0.0428177
0.0428176
0.0431273
0.0433202
0.0435588
0.0438573
0.0443043
0.0445343
0.0449734
0.0452965
0.045409
0.0455043
0.0457179
0.0459127
0.0460793
0.0462441
0.0464588
0.0467527
0.0469066
0.0472897
0.0475399
0.0474594
0.0476533
0.0477665
0.0479649
0.0481306
0.0483227
0.0486136
0.0489818
0.0491157
0.0493845
0.0497295
