0.43865
0.408951
0.417505
0.409443
0.411978
0.403112
0.407152
0.405967
0.403124
0.402151
0.416146
0.431603
0.439002
0.44171
0.447908
0.452773
0.45615
0.458193
0.460678
0.464172
0.468214
0.471234
0.473249
0.474991
0.476448
0.477753
0.480031
0.482154
0.483009
0.485367
0.486092
0.488081
0.489332
0.489834
0.492409
0.494218
0.493394
0.494513
0.493024
0.492749
0.493732
0.494595
0.494123
0.494662
0.495181
0.496278
0.498034
0.498517
0.499567
0.499849
0.500534
0.501076
0.50114
0.501792
0.502418
0.502699
0.502785
0.503226
0.503095
0.503264
0.502493
0.5025
0.502581
0.502991
0.503178
0.503978
0.503623
0.504279
0.504828
0.505276
0.506533
0.506484
0.506971
0.506922
0.506757
0.506606
0.506737
0.507171
0.507809
0.508011
0.508492
0.509044
0.50908
0.509942
0.510404
0.51093
0.511185
0.511813
0.511947
